 ~~~~~~~~~~~exchange:         6000 , ind:           1 ~~~~~~~~~~~~~~~~~~~~
 rep | node|  up   | down  |  s   | c-chi       x-chi        
     1     7 1.00000 0.00000 0.0000  0.0000000   0.0000000   
     2     1 1.00000 1.00000 0.1667  1.0000000   0.0000000   
     3     2 1.00000 1.00000 0.3333  2.0000000   0.0000000   
     4     3 1.00000 1.00000 0.5000  3.0000000   0.0000000   
     5     4 1.00000 1.00000 0.6667  4.0000000   0.0000000   
     6     5 1.00000 1.00000 0.8333  5.0000000   0.0000000   
     7     6 0.00000 1.00000 1.0000  6.0000000   0.0000000   
 ~~~~~~~~~~~exchange:        12000 , ind:           2 ~~~~~~~~~~~~~~~~~~~~
 rep | node|  up   | down  |  s   | c-chi       x-chi        
     1     6 1.00000 0.00000 0.0000  0.0000000   0.0000000   
     2     7 1.00000 1.00000 0.1667  1.0000000   0.0000000   
     3     1 1.00000 1.00000 0.3333  2.0000000   0.0000000   
     4     2 1.00000 1.00000 0.5000  3.0000000   0.0000000   
     5     3 1.00000 1.00000 0.6667  4.0000000   0.0000000   
     6     4 1.00000 1.00000 0.8333  5.0000000   0.0000000   
     7     5 0.00000 1.00000 1.0000  6.0000000   0.0000000   
 ~~~~~~~~~~~exchange:        18000 , ind:           3 ~~~~~~~~~~~~~~~~~~~~
 rep | node|  up   | down  |  s   | c-chi       x-chi        
     1     5 1.00000 0.00000 0.0000  0.0000000   0.0000000   
     2     6 1.00000 1.00000 0.1667  1.0000000   0.0000000   
     3     7 1.00000 1.00000 0.3333  2.0000000   0.0000000   
     4     1 1.00000 1.00000 0.5000  3.0000000   0.0000000   
     5     2 1.00000 1.00000 0.6667  4.0000000   0.0000000   
     6     3 1.00000 1.00000 0.8333  5.0000000   0.0000000   
     7     4 0.00000 1.00000 1.0000  6.0000000   0.0000000   
 ~~~~~~~~~~~exchange:        24000 , ind:           4 ~~~~~~~~~~~~~~~~~~~~
 rep | node|  up   | down  |  s   | c-chi       x-chi        
     1     4 1.00000 0.00000 0.0000  0.0000000   0.0000000   
     2     5 1.00000 1.00000 0.1667  1.0000000   0.0000000   
     3     6 1.00000 1.00000 0.3333  2.0000000   0.0000000   
     4     7 1.00000 1.00000 0.5000  3.0000000   0.0000000   
     5     1 1.00000 1.00000 0.6667  4.0000000   0.0000000   
     6     2 1.00000 1.00000 0.8333  5.0000000   0.0000000   
     7     3 0.00000 1.00000 1.0000  6.0000000   0.0000000   
 ~~~~~~~~~~~exchange:        24011 , ind:           5 ~~~~~~~~~~~~~~~~~~~~
 rep | node|  up   | down  |  s   | c-chi       x-chi        
     1     4 0.00000 0.00000 0.0000  0.0000000  18202.1607   
     2     5 0.00000 0.00000 0.1667  1.0000000  13028.1261   
     3     6 0.00000 0.00000 0.3333  2.0000000  9335.71503   
     4     2 0.00400 0.00000 0.5000  3.0000000  7999.16336   
     5     3 0.00400 0.00400 0.6667  4.0000000  7194.02197   
     6     1 0.00300 0.00400 0.8333  5.0000000  6686.97568   
     7     7 0.00000 0.00300 1.0000  6.0000000  6315.75352   
 ~~~~~~~~~~~exchange:        24011 , ind:           6 ~~~~~~~~~~~~~~~~~~~~
 rep | node|  up   | down  |  s   | c-chi       x-chi        
     1     4 0.00000 0.00000 0.0000  0.0000000  18173.9729   
     2     5 0.00000 0.00000 0.1667  1.0000000  12886.5426   
     3     6 0.00000 0.00000 0.3333  2.0000000  9172.01981   
     4     2 0.00000 0.00000 0.5000  3.0000000  7648.71799   
     5     3 0.00000 0.00000 0.6667  4.0000000  6895.75323   
     6     1 0.00000 0.00000 0.8333  5.0000000  6441.71428   
     7     7 0.00000 0.00000 1.0000  6.0000000  6017.39448   
 ~~~~~~~~~~~exchange:        24011 , ind:           7 ~~~~~~~~~~~~~~~~~~~~
 rep | node|  up   | down  |  s   | c-chi       x-chi        
     1     4 0.00000 0.00000 0.0000  0.0000000  18263.7487   
     2     5 0.00000 0.00000 0.1667  1.0000000  13051.6493   
     3     6 0.00000 0.00000 0.3333  2.0000000  9062.96594   
     4     2 0.00000 0.00000 0.5000  3.0000000  7555.30363   
     5     3 0.00000 0.00000 0.6667  4.0000000  6851.10216   
     6     1 0.00000 0.00000 0.8333  5.0000000  6314.49825   
     7     7 0.00000 0.00000 1.0000  6.0000000  5902.06241   
 ~~~~~~~~~~~exchange:        24011 , ind:           8 ~~~~~~~~~~~~~~~~~~~~
 rep | node|  up   | down  |  s   | c-chi       x-chi        
     1     4 0.00000 0.00000 0.0000  0.0000000  18209.7792   
     2     5 0.00000 0.00000 0.1667  1.0000000  13151.1933   
     3     6 0.00000 0.00000 0.3333  2.0000000  9086.92467   
     4     2 0.00000 0.00000 0.5000  3.0000000  7501.86755   
     5     3 0.00000 0.00000 0.6667  4.0000000  6740.60010   
     6     1 0.00000 0.00000 0.8333  5.0000000  6234.01287   
     7     7 0.00000 0.00000 1.0000  6.0000000  5841.30466   
 ~~~~~~~~~~~exchange:        24011 , ind:           9 ~~~~~~~~~~~~~~~~~~~~
 rep | node|  up   | down  |  s   | c-chi       x-chi        
     1     4 0.00000 0.00000 0.0000  0.0000000  18268.6667   
     2     5 0.00000 0.00000 0.1667  1.0000000  13053.3924   
     3     6 0.00000 0.00000 0.3333  2.0000000  9019.93932   
     4     2 0.00000 0.00000 0.5000  3.0000000  7440.66280   
     5     3 0.00000 0.00000 0.6667  4.0000000  6687.43477   
     6     1 0.00000 0.00000 0.8333  5.0000000  6154.42310   
     7     7 0.00000 0.00000 1.0000  6.0000000  5798.92186   
 ~~~~~~~~~~~exchange:        24011 , ind:          10 ~~~~~~~~~~~~~~~~~~~~
 rep | node|  up   | down  |  s   | c-chi       x-chi        
     1     4 0.00000 0.00000 0.0000  0.0000000  18244.0345   
     2     5 0.00000 0.00000 0.1667  1.0000000  13045.3671   
     3     6 0.00000 0.00000 0.3333  2.0000000  9120.38072   
     4     2 0.00000 0.00000 0.5000  3.0000000  7378.44490   
     5     3 0.00000 0.00000 0.6667  4.0000000  6635.63390   
     6     1 0.00000 0.00000 0.8333  5.0000000  6150.51961   
     7     7 0.00000 0.00000 1.0000  6.0000000  5771.11723   
 ~~~~~~~~~~~exchange:        24011 , ind:          11 ~~~~~~~~~~~~~~~~~~~~
 rep | node|  up   | down  |  s   | c-chi       x-chi        
     1     4 0.00000 0.00000 0.0000  0.0000000  18241.1192   
     2     5 0.00000 0.00000 0.1000  0.6000000  16029.9214   
     3     6 0.00000 0.00000 0.2000  1.2000000  11904.0300   
     4     2 0.00000 0.00000 0.3000  1.8000000  9354.12898   
     5     3 0.00000 0.00000 0.4000  2.4000000  8103.23441   
     6     1 0.00000 0.00000 0.5000  3.0000000  7371.63554   
     7     7 0.00000 0.00000 0.6000  3.6000000  6881.80900   
 ~~~~~~~~~~~exchange:        24011 , ind:          12 ~~~~~~~~~~~~~~~~~~~~
 rep | node|  up   | down  |  s   | c-chi       x-chi        
     1     4 0.00000 0.00000 0.0000  0.0000000  18244.6872   
     2     5 0.00000 0.00000 0.1000  0.6000000  16093.9941   
     3     6 0.00000 0.00000 0.2000  1.2000000  11865.5367   
     4     2 0.00000 0.00000 0.3000  1.8000000  9541.33338   
     5     3 0.00000 0.00000 0.4000  2.4000000  8255.48019   
     6     1 0.00000 0.00000 0.5000  3.0000000  7455.97816   
     7     7 0.00000 0.00000 0.6000  3.6000000  6924.90583   
 ~~~~~~~~~~~exchange:        24011 , ind:          13 ~~~~~~~~~~~~~~~~~~~~
 rep | node|  up   | down  |  s   | c-chi       x-chi        
     1     4 0.00000 0.00000 0.0000  0.0000000  18218.8184   
     2     5 0.00000 0.00000 0.1000  0.6000000  16059.2346   
     3     6 0.00000 0.00000 0.2000  1.2000000  11947.3159   
     4     2 0.00000 0.00000 0.3000  1.8000000  9600.91443   
     5     3 0.00000 0.00000 0.4000  2.4000000  8242.50667   
     6     1 0.00000 0.00000 0.5000  3.0000000  7416.27850   
     7     7 0.00000 0.00000 0.6000  3.6000000  6890.08745   
 ~~~~~~~~~~~exchange:        24011 , ind:          14 ~~~~~~~~~~~~~~~~~~~~
 rep | node|  up   | down  |  s   | c-chi       x-chi        
     1     4 0.00000 0.00000 0.0000  0.0000000  18252.5329   
     2     5 0.00000 0.00000 0.1000  0.6000000  15963.0722   
     3     6 0.00000 0.00000 0.2000  1.2000000  11971.6000   
     4     2 0.00000 0.00000 0.3000  1.8000000  9651.34559   
     5     3 0.00000 0.00000 0.4000  2.4000000  8184.62488   
     6     1 0.00000 0.00000 0.5000  3.0000000  7405.51839   
     7     7 0.00000 0.00000 0.6000  3.6000000  6869.40086   
 ~~~~~~~~~~~exchange:        24011 , ind:          15 ~~~~~~~~~~~~~~~~~~~~
 rep | node|  up   | down  |  s   | c-chi       x-chi        
     1     4 0.00000 0.00000 0.0000  0.0000000  18292.1409   
     2     5 0.00000 0.00000 0.1000  0.6000000  15916.5522   
     3     6 0.00000 0.00000 0.2000  1.2000000  11902.9902   
     4     2 0.00000 0.00000 0.3000  1.8000000  9600.27829   
     5     3 0.00000 0.00000 0.4000  2.4000000  8181.33786   
     6     1 0.00000 0.00000 0.5000  3.0000000  7404.60347   
     7     7 0.00000 0.00000 0.6000  3.6000000  6833.00513   
 ~~~~~~~~~~~exchange:        24011 , ind:          16 ~~~~~~~~~~~~~~~~~~~~
 rep | node|  up   | down  |  s   | c-chi       x-chi        
     1     4 0.00000 0.00000 0.0000  0.0000000  18254.6431   
     2     5 0.00000 0.00000 0.1000  0.6000000  15996.7533   
     3     6 0.00000 0.00000 0.2000  1.2000000  11969.1849   
     4     2 0.00000 0.00000 0.3000  1.8000000  9586.99205   
     5     3 0.00000 0.00000 0.4000  2.4000000  8178.66168   
     6     1 0.00000 0.00000 0.5000  3.0000000  7336.89116   
     7     7 0.00000 0.00000 0.6000  3.6000000  6858.39937   
 ~~~~~~~~~~~exchange:        24011 , ind:          17 ~~~~~~~~~~~~~~~~~~~~
 rep | node|  up   | down  |  s   | c-chi       x-chi        
     1     4 0.00000 0.00000 0.0000  0.0000000  18183.3130   
     2     5 0.00000 0.00000 0.1000  0.6000000  16107.3790   
     3     6 0.00000 0.00000 0.2000  1.2000000  11945.1141   
     4     2 0.00000 0.00000 0.3000  1.8000000  9646.84433   
     5     3 0.00000 0.00000 0.4000  2.4000000  8196.47217   
     6     1 0.00000 0.00000 0.5000  3.0000000  7439.44866   
     7     7 0.00000 0.00000 0.6000  3.6000000  6832.34670   
 ~~~~~~~~~~~exchange:        24011 , ind:          18 ~~~~~~~~~~~~~~~~~~~~
 rep | node|  up   | down  |  s   | c-chi       x-chi        
     1     4 0.00000 0.00000 0.0000  0.0000000  18251.9876   
     2     5 0.00000 0.00000 0.1000  0.6000000  16094.0606   
     3     6 0.00000 0.00000 0.2000  1.2000000  12021.8709   
     4     2 0.00000 0.00000 0.3000  1.8000000  9583.30119   
     5     3 0.00000 0.00000 0.4000  2.4000000  8228.38403   
     6     1 0.00000 0.00000 0.5000  3.0000000  7379.55184   
     7     7 0.00000 0.00000 0.6000  3.6000000  6827.19603   
 ~~~~~~~~~~~exchange:        24011 , ind:          19 ~~~~~~~~~~~~~~~~~~~~
 rep | node|  up   | down  |  s   | c-chi       x-chi        
     1     4 0.00000 0.00000 0.0000  0.0000000  18303.2272   
     2     5 0.00000 0.00000 0.1000  0.6000000  16103.4025   
     3     6 0.00000 0.00000 0.2000  1.2000000  11835.4294   
     4     2 0.00000 0.00000 0.3000  1.8000000  9614.34679   
     5     3 0.00000 0.00000 0.4000  2.4000000  8240.75546   
     6     1 0.00000 0.00000 0.5000  3.0000000  7352.95357   
     7     7 0.00000 0.00000 0.6000  3.6000000  6814.36106   
 ~~~~~~~~~~~exchange:        24011 , ind:          20 ~~~~~~~~~~~~~~~~~~~~
 rep | node|  up   | down  |  s   | c-chi       x-chi        
     1     4 0.00000 0.00000 0.0000  0.0000000  18218.6843   
     2     5 0.00000 0.00000 0.1000  0.6000000  16076.2940   
     3     6 0.00000 0.00000 0.2000  1.2000000  11935.8621   
     4     2 0.00000 0.00000 0.3000  1.8000000  9709.69094   
     5     3 0.00000 0.00000 0.4000  2.4000000  8275.68883   
     6     1 0.00000 0.00000 0.5000  3.0000000  7378.35513   
     7     7 0.00000 0.00000 0.6000  3.6000000  6868.86200   
 ~~~~~~~~~~~exchange:        24011 , ind:          21 ~~~~~~~~~~~~~~~~~~~~
 rep | node|  up   | down  |  s   | c-chi       x-chi        
     1     4 0.00000 0.00000 0.0000  0.0000000  18280.9091   
     2     5 0.00000 0.00000 0.1000  0.6000000  16064.8969   
     3     6 0.00000 0.00000 0.2000  1.2000000  12004.0114   
     4     2 0.00000 0.00000 0.3000  1.8000000  9658.47998   
     5     3 0.00000 0.00000 0.4000  2.4000000  8183.32506   
     6     1 0.00000 0.00000 0.5000  3.0000000  7309.71482   
     7     7 0.00000 0.00000 0.6000  3.6000000  6801.02359   
 ~~~~~~~~~~~exchange:        24011 , ind:          22 ~~~~~~~~~~~~~~~~~~~~
 rep | node|  up   | down  |  s   | c-chi       x-chi        
     1     4 0.00000 0.00000 0.0000  0.0000000  18270.5995   
     2     5 0.00000 0.00000 0.1000  0.6000000  16020.9874   
     3     6 0.00000 0.00000 0.2000  1.2000000  11904.9942   
     4     2 0.00000 0.00000 0.3000  1.8000000  9600.02827   
     5     3 0.00000 0.00000 0.4000  2.4000000  8167.21505   
     6     1 0.00000 0.00000 0.5000  3.0000000  7299.61531   
     7     7 0.00000 0.00000 0.6000  3.6000000  6818.92758   
 ~~~~~~~~~~~exchange:        24011 , ind:          23 ~~~~~~~~~~~~~~~~~~~~
 rep | node|  up   | down  |  s   | c-chi       x-chi        
     1     4 0.00000 0.00000 0.0000  0.0000000  18271.8765   
     2     5 0.00000 0.00000 0.1000  0.6000000  16032.2358   
     3     6 0.00000 0.00000 0.2000  1.2000000  11880.3476   
     4     2 0.00000 0.00000 0.3000  1.8000000  9648.42157   
     5     3 0.00000 0.00000 0.4000  2.4000000  8153.36758   
     6     1 0.00000 0.00000 0.5000  3.0000000  7355.97410   
     7     7 0.00000 0.00000 0.6000  3.6000000  6793.79901   
 ~~~~~~~~~~~exchange:        24011 , ind:          24 ~~~~~~~~~~~~~~~~~~~~
 rep | node|  up   | down  |  s   | c-chi       x-chi        
     1     4 0.00000 0.00000 0.0000  0.0000000  18182.2049   
     2     5 0.00000 0.00000 0.1000  0.6000000  16024.4725   
     3     6 0.00000 0.00000 0.2000  1.2000000  11855.0877   
     4     2 0.00000 0.00000 0.3000  1.8000000  9487.15027   
     5     3 0.00000 0.00000 0.4000  2.4000000  8240.28996   
     6     1 0.00000 0.00000 0.5000  3.0000000  7321.56037   
     7     7 0.00000 0.00000 0.6000  3.6000000  6766.48618   
 ~~~~~~~~~~~exchange:        24011 , ind:          25 ~~~~~~~~~~~~~~~~~~~~
 rep | node|  up   | down  |  s   | c-chi       x-chi        
     1     4 0.00000 0.00000 0.0000  0.0000000  18288.1439   
     2     5 0.00000 0.00000 0.1000  0.6000000  15879.9847   
     3     6 0.00000 0.00000 0.2000  1.2000000  11951.3644   
     4     2 0.00000 0.00000 0.3000  1.8000000  9598.58741   
     5     3 0.00000 0.00000 0.4000  2.4000000  8271.11884   
     6     1 0.00000 0.00000 0.5000  3.0000000  7332.57326   
     7     7 0.00000 0.00000 0.6000  3.6000000  6793.53217   
 ~~~~~~~~~~~exchange:        24011 , ind:          26 ~~~~~~~~~~~~~~~~~~~~
 rep | node|  up   | down  |  s   | c-chi       x-chi        
     1     4 0.00000 0.00000 0.0000  0.0000000  18259.3759   
     2     5 0.00000 0.00000 0.1000  0.6000000  16273.5511   
     3     6 0.00000 0.00000 0.2000  1.2000000  11903.6228   
     4     2 0.00000 0.00000 0.3000  1.8000000  9659.26150   
     5     3 0.00000 0.00000 0.4000  2.4000000  8195.36799   
     6     1 0.00000 0.00000 0.5000  3.0000000  7325.16205   
     7     7 0.00000 0.00000 0.6000  3.6000000  6776.05170   
 ~~~~~~~~~~~exchange:        24011 , ind:          27 ~~~~~~~~~~~~~~~~~~~~
 rep | node|  up   | down  |  s   | c-chi       x-chi        
     1     4 0.00000 0.00000 0.0000  0.0000000  18234.5715   
     2     5 0.00000 0.00000 0.1000  0.6000000  16189.5073   
     3     6 0.00000 0.00000 0.2000  1.2000000  11949.0772   
     4     2 0.00000 0.00000 0.3000  1.8000000  9570.21268   
     5     3 0.00000 0.00000 0.4000  2.4000000  8157.94386   
     6     1 0.00000 0.00000 0.5000  3.0000000  7328.72939   
     7     7 0.00000 0.00000 0.6000  3.6000000  6727.78964   
 ~~~~~~~~~~~exchange:        24011 , ind:          28 ~~~~~~~~~~~~~~~~~~~~
 rep | node|  up   | down  |  s   | c-chi       x-chi        
     1     4 0.00000 0.00000 0.0000  0.0000000  18258.2385   
     2     5 0.00000 0.00000 0.1000  0.6000000  16199.3582   
     3     6 0.00000 0.00000 0.2000  1.2000000  11875.4665   
     4     2 0.00000 0.00000 0.3000  1.8000000  9592.54767   
     5     3 0.00000 0.00000 0.4000  2.4000000  8232.06506   
     6     1 0.00000 0.00000 0.5000  3.0000000  7305.25872   
     7     7 0.00000 0.00000 0.6000  3.6000000  6769.70124   
