 IND | id | EBend  | EParll | EShear | ECoupl | E Kap  | E Chi  | EField | EBind  |   M    | Couple |  Chi   |  mu    |  Kap   | Field  |
    1    5  77930.5  38766.0  76583.8      0.0      0.0      0.0      0.0   6275.5      0.0   0.0000   0.0000   0.0000   0.0000   0.0000
    2    7  78010.1  39478.3  76515.4      0.0      0.0      0.0      0.0   5992.5      0.0   0.0000   0.0000   0.0000   0.0000   0.0000
    3    2  78667.2  38913.0  76902.1      0.0      0.0      0.0      0.0   6218.9      0.0   0.0000   0.0000   0.0000   0.0000   0.0000
    4    4  78002.5  38603.8  77309.6      0.0      0.0      0.0      0.0   6191.4      0.0   0.0000   0.0000   0.0000   0.0000   0.0000
    5    6  77751.7  38923.5  76653.8      0.0      0.0      0.0      0.0   6261.8      0.0   0.0000   0.0000   0.0000   0.0000   0.0000
    6    1  78796.2  38884.1  77205.1      0.0      0.0      0.0      0.0   6254.1      0.0   0.0000   0.0000   0.0000   0.0000   0.0000
    7    3  78736.1  39087.4  76666.9      0.0      0.0      0.0      0.0   6111.8      0.0   0.0000   0.0000   0.0000   0.0000   0.0000
    8    5  78232.6  39030.6  77000.7      0.0      0.0      0.0      0.0   6275.5      0.0   0.0000   0.0000   0.0000   0.0000   0.0000
    9    7  78193.1  38858.1  76888.6      0.0      0.0      0.0      0.0   5992.5      0.0   0.0000   0.0000   0.0000   0.0000   0.0000
   10    2  78412.9  38540.7  76828.2      0.0      0.0      0.0      0.0   6218.9      0.0   0.0000   0.0000   0.0000  20.0000   0.0000
   11    4  78358.6  39011.3  76726.0      0.0   3876.3      0.0      0.0   6191.4      0.0   0.0000   0.0000   0.0000  20.0000   0.0000
   12    6  78625.0  38976.2  76838.8      0.0   3906.5      0.0      0.0   6261.8      0.0   0.0000   0.0000   0.0000  20.0000   0.0000
   13    1  78216.4  38820.7  76945.6      0.0   3822.2      0.0      0.0   6254.1      0.0   0.0000   0.0000   0.0000  20.0000   0.0000
   14    3  77946.9  38884.7  76057.7      0.0   3756.3      0.0      0.0   6111.8      0.0   0.0000   0.0000   0.0000  20.0000   0.0000
   15    3  78080.7  39061.3  76321.9      0.0   3802.2  11798.9      0.0   6111.8      0.0   0.0000   0.8857   0.0000  20.0000   0.0000
   16    3  78634.0  38864.5  76619.6      0.0   3771.9   8792.2      0.0   6111.8      0.0   0.0000   0.5376   0.0000  20.0000   0.0000
   17    3  78703.4  39337.7  76639.5      0.0   3983.7   8120.9      0.0   6111.8      0.0   0.0000   0.4800   0.0000  20.0000   0.0000
   18    7  78382.8  39048.6  76714.0      0.0   3802.8   8102.0      0.0   5992.5      0.0   0.0000   0.4762   0.0000  20.0000   0.0000
   19    1  78521.1  38936.9  76764.6      0.0   3846.9   8078.7      0.0   6254.1      0.0   0.0000   0.4753   0.0000  20.0000   0.0000
   20    2  78595.9  39037.1  76531.2      0.0   3707.0   8020.7      0.0   6218.9      0.0   0.0000   0.4756   0.0000  20.0000   0.0000
   21    6  78237.9  38904.5  76528.9      0.0   3801.7   8103.0      0.0   6261.8      0.0   0.0000   0.4770   0.0000  20.0000   0.0000
   22    7  78659.6  38928.2  76819.1      0.0   3775.8   8017.9      0.0   5992.5      0.0   0.0000   0.4772   0.0000  20.0000   0.0000
   23    6  78663.2  39055.3  76437.1      0.0   3732.0   8049.4      0.0   6261.8      0.0   0.0000   0.4773   0.0000  20.0000   0.0000
   24    2  78093.4  39133.4  76405.1      0.0   3826.3   8123.9      0.0   6218.9      0.0   0.0000   0.4774   0.0000  20.0000   0.0000
   25    1  78661.9  38794.7  76447.1      0.0   3706.2   8133.2      0.0   6254.1      0.0   0.0000   0.4774   0.0000  20.0000   0.0000
   26    5  78352.0  38800.8  77027.8      0.0   3760.3   8045.0      0.0   6275.5      0.0   0.0000   0.4774   0.0000  20.0000   0.0000
   27    5  78123.6  39043.2  76413.5      0.0   3771.6   8131.2      0.0   6275.5      0.0   0.0000   0.4774   0.0000  20.0000   0.0000
   28    5  78013.3  38810.4  76275.6      0.0   3799.6   8152.4      0.0   6275.5      0.0   0.0000   0.4774   0.0000  20.0000   0.0000
   29    2  78603.3  39116.9  76748.5      0.0   3719.0   8090.7      0.0   6218.9      0.0   0.0000   0.4774   0.0000  20.0000   0.0000
   30    1  78110.2  38930.8  77045.8      0.0   3688.6   8153.8      0.0   6254.1      0.0   0.0000   0.4774   0.0000  20.0000   0.0000
   31    4  78431.2  39115.5  76431.6      0.0   3795.7   8053.1      0.0   6191.4      0.0   0.0000   0.4774   0.0000  20.0000   0.0000
   32    4  78535.8  39038.5  77055.0      0.0   3730.0   8089.6      0.0   6191.4      0.0   0.0000   0.4774   0.0000  20.0000   0.0000
   33    5  78074.3  39026.9  77098.5      0.0   3825.1   8139.1      0.0   6275.5      0.0   0.0000   0.4774   0.0000  20.0000   0.0000
   34    5  78326.2  38573.8  76950.5      0.0   3762.3   8091.0      0.0   6275.5      0.0   0.0000   0.4774   0.0000  20.0000   0.0000
   35    7  78322.4  38679.8  76870.5      0.0   3765.0   8099.6      0.0   5992.5      0.0   0.0000   0.4774   0.0000  20.0000   0.0000
   36    6  78626.3  39080.1  76892.9      0.0   3746.8   8118.9      0.0   6261.8      0.0   0.0000   0.4774   0.0000  20.0000   0.0000
   37    3  77916.6  38934.1  77319.8      0.0   3652.4   8015.9      0.0   6111.8      0.0   0.0000   0.4774   0.0000  20.0000   0.0000
