 IND | id | EBend  | EParll | EShear | ECoupl | E Kap  | E Chi  | EField | EBind  |   M    | Couple |  Chi   |  mu    |  Kap   | Field  |
    1    4  77824.7  38961.2  76658.5      0.0      0.0      0.0      0.0   6191.4      0.0   0.0000   0.0000   0.0000   0.0000   0.0000
    2    6  78479.3  38820.1  76604.3      0.0      0.0      0.0      0.0   6261.8      0.0   0.0000   0.0000   0.0000   0.0000   0.0000
    3    1  78701.1  38882.8  77021.4      0.0      0.0      0.0      0.0   6254.1      0.0   0.0000   0.0000   0.0000   0.0000   0.0000
    4    3  78601.6  38994.3  76913.9      0.0      0.0      0.0      0.0   6111.8      0.0   0.0000   0.0000   0.0000   0.0000   0.0000
    5    5  78084.8  38836.0  76701.2      0.0      0.0      0.0      0.0   6275.5      0.0   0.0000   0.0000   0.0000   0.0000   0.0000
    6    7  78381.9  39300.2  76519.2      0.0      0.0      0.0      0.0   5992.5      0.0   0.0000   0.0000   0.0000   0.0000   0.0000
    7    2  78377.6  38912.3  76652.5      0.0      0.0      0.0      0.0   6218.9      0.0   0.0000   0.0000   0.0000   0.0000   0.0000
    8    4  78232.6  38694.9  76783.9      0.0      0.0      0.0      0.0   6191.4      0.0   0.0000   0.0000   0.0000   0.0000   0.0000
    9    6  78459.2  38864.4  76789.6      0.0      0.0      0.0      0.0   6261.8      0.0   0.0000   0.0000   0.0000   0.0000   0.0000
   10    1  78585.0  38843.8  77118.1      0.0      0.0      0.0      0.0   6254.1      0.0   0.0000   0.0000   0.0000  20.0000   0.0000
   11    3  78617.3  39390.4  77249.4      0.0   3796.5      0.0      0.0   6111.8      0.0   0.0000   0.0000   0.0000  20.0000   0.0000
   12    5  77681.0  39095.3  76730.9      0.0   3816.3      0.0      0.0   6275.5      0.0   0.0000   0.0000   0.0000  20.0000   0.0000
   13    7  78042.1  38842.4  77103.3      0.0   3829.1      0.0      0.0   5992.5      0.0   0.0000   0.0000   0.0000  20.0000   0.0000
   14    2  78219.1  39056.0  76503.7      0.0   3717.9      0.0      0.0   6218.9      0.0   0.0000   0.0000   0.0000  20.0000   0.0000
   15    4  78173.5  39260.4  76653.5      0.0   3800.9   8464.3      0.0   6191.4      0.0   0.0000   0.5116   0.0000  20.0000   0.0000
   16    4  78135.3  39288.4  76950.8      0.0   3684.5   7768.1      0.0   6191.4      0.0   0.0000   0.4539   0.0000  20.0000   0.0000
   17    1  78260.7  39175.8  76929.5      0.0   3815.0   7857.1      0.0   6254.1      0.0   0.0000   0.4558   0.0000  20.0000   0.0000
   18    3  78345.2  39021.4  76876.2      0.0   3844.8   7729.6      0.0   6111.8      0.0   0.0000   0.4527   0.0000  20.0000   0.0000
   19    4  78478.2  38634.3  76513.7      0.0   3738.9   7740.6      0.0   6191.4      0.0   0.0000   0.4510   0.0000  20.0000   0.0000
   20    6  78226.0  38799.6  76915.5      0.0   3768.4   7740.0      0.0   6261.8      0.0   0.0000   0.4529   0.0000  20.0000   0.0000
   21    4  78315.2  38918.8  76531.0      0.0   3804.6   7786.0      0.0   6191.4      0.0   0.0000   0.4536   0.0000  20.0000   0.0000
   22    4  78553.2  38640.2  76944.6      0.0   3721.2   7778.2      0.0   6191.4      0.0   0.0000   0.4519   0.0000  20.0000   0.0000
   23    5  78674.7  39161.4  77124.1      0.0   3612.9   7783.8      0.0   6275.5      0.0   0.0000   0.4526   0.0000  20.0000   0.0000
   24    5  78672.4  38566.2  76837.4      0.0   3776.3   7721.0      0.0   6275.5      0.0   0.0000   0.4545   0.0000  20.0000   0.0000
   25    3  78727.7  39091.3  76744.5      0.0   3686.7   7805.4      0.0   6111.8      0.0   0.0000   0.4545   0.0000  20.0000   0.0000
   26    1  78861.1  38822.3  76902.7      0.0   3776.9   7702.6      0.0   6254.1      0.0   0.0000   0.4545   0.0000  20.0000   0.0000
   27    4  78792.4  38578.1  77018.2      0.0   3826.6   7766.7      0.0   6191.4      0.0   0.0000   0.4545   0.0000  20.0000   0.0000
   28    4  78461.3  38890.1  76474.7      0.0   3780.9   7801.1      0.0   6191.4      0.0   0.0000   0.4545   0.0000  20.0000   0.0000
   29    6  78138.0  39497.4  76925.1      0.0   3761.5   7711.8      0.0   6261.8      0.0   0.0000   0.4545   0.0000  20.0000   0.0000
   30    3  78158.8  39006.6  76889.8      0.0   3679.5   7774.4      0.0   6111.8      0.0   0.0000   0.4545   0.0000  20.0000   0.0000
   31    1  78044.8  39086.8  76686.1      0.0   3806.2   7799.4      0.0   6254.1      0.0   0.0000   0.4545   0.0000  20.0000   0.0000
   32    7  78105.6  38785.9  76714.8      0.0   3720.1   7777.2      0.0   5992.5      0.0   0.0000   0.4545   0.0000  20.0000   0.0000
   33    1  78632.2  39222.3  76587.0      0.0   3775.0   7729.1      0.0   6254.1      0.0   0.0000   0.4545   0.0000  20.0000   0.0000
   34    2  78332.5  38932.9  76412.5      0.0   3809.6   7731.5      0.0   6218.9      0.0   0.0000   0.4545   0.0000  20.0000   0.0000
   35    6  78196.1  39025.1  77139.6      0.0   3730.4   7798.7      0.0   6261.8      0.0   0.0000   0.4545   0.0000  20.0000   0.0000
   36    1  78586.6  39212.0  76665.0      0.0   3677.0   7833.7      0.0   6254.1      0.0   0.0000   0.4545   0.0000  20.0000   0.0000
   37    1  78332.2  39122.4  77060.1      0.0   3742.0   7768.6      0.0   6254.1      0.0   0.0000   0.4545   0.0000  20.0000   0.0000
