 IND | id | EBend  | EParll | EShear | ECoupl | E Kap  | E Chi  | EField | EBind  |   M    | Couple |  Chi   |  mu    |  Kap   | Field  |
    1    2  77916.0  38931.2  76796.8      0.0      0.0      0.0      0.0   6218.9      0.0   0.0000   0.0000   0.0000   0.0000   0.0000
    2    4  78198.5  38936.6  77625.4      0.0      0.0      0.0      0.0   6191.4      0.0   0.0000   0.0000   0.0000   0.0000   0.0000
    3    6  78158.8  38867.9  76776.7      0.0      0.0      0.0      0.0   6261.8      0.0   0.0000   0.0000   0.0000   0.0000   0.0000
    4    1  78184.5  38702.9  76707.5      0.0      0.0      0.0      0.0   6254.1      0.0   0.0000   0.0000   0.0000   0.0000   0.0000
    5    3  78687.0  39300.1  76766.9      0.0      0.0      0.0      0.0   6111.8      0.0   0.0000   0.0000   0.0000   0.0000   0.0000
    6    5  77943.2  39084.6  76405.7      0.0      0.0      0.0      0.0   6275.5      0.0   0.0000   0.0000   0.0000   0.0000   0.0000
    7    7  78155.9  38955.5  76969.3      0.0      0.0      0.0      0.0   5992.5      0.0   0.0000   0.0000   0.0000   0.0000   0.0000
    8    2  78562.2  38710.5  76568.8      0.0      0.0      0.0      0.0   6218.9      0.0   0.0000   0.0000   0.0000   0.0000   0.0000
    9    4  78296.0  38642.1  77077.6      0.0      0.0      0.0      0.0   6191.4      0.0   0.0000   0.0000   0.0000   0.0000   0.0000
   10    6  78494.1  38668.8  76512.5      0.0      0.0      0.0      0.0   6261.8      0.0   0.0000   0.0000   0.0000  20.0000   0.0000
   11    1  78596.5  39151.2  76951.0      0.0   3710.1      0.0      0.0   6254.1      0.0   0.0000   0.0000   0.0000  20.0000   0.0000
   12    3  78298.8  38756.0  76832.5      0.0   3749.9      0.0      0.0   6111.8      0.0   0.0000   0.0000   0.0000  20.0000   0.0000
   13    5  78416.5  38699.8  77222.1      0.0   3866.9      0.0      0.0   6275.5      0.0   0.0000   0.0000   0.0000  20.0000   0.0000
   14    7  77934.2  39087.8  76511.1      0.0   3864.4      0.0      0.0   5992.5      0.0   0.0000   0.0000   0.0000  20.0000   0.0000
   15    5  78195.3  38782.6  77014.0      0.0   3849.4  21290.5      0.0   6275.5      0.0   0.0000   2.6000   0.0000  20.0000   0.0000
   16    5  78102.4  38916.6  77027.8      0.0   3863.7  18626.1      0.0   6275.5      0.0   0.0000   2.2000   0.0000  20.0000   0.0000
   17    5  78279.2  38707.5  76611.0      0.0   3685.0  16121.1      0.0   6275.5      0.0   0.0000   1.8000   0.0000  20.0000   0.0000
   18    5  78316.0  38781.8  77111.3      0.0   3786.6  14345.0      0.0   6275.5      0.0   0.0000   1.4000   0.0000  20.0000   0.0000
   19    5  78139.4  38976.0  76691.5      0.0   3695.6  12575.9      0.0   6275.5      0.0   0.0000   1.0000   0.0000  20.0000   0.0000
   20    5  78151.7  39097.2  77266.2      0.0   3749.0   9841.8      0.0   6275.5      0.0   0.0000   0.6339   0.0000  20.0000   0.0000
   21    7  78418.3  38662.2  77323.8      0.0   3784.6   9131.3      0.0   5992.5      0.0   0.0000   0.5603   0.0000  20.0000   0.0000
   22    3  78277.9  39133.0  76807.4      0.0   3767.9   9044.0      0.0   6111.8      0.0   0.0000   0.5585   0.0000  20.0000   0.0000
   23    1  77701.1  38908.8  76710.5      0.0   3822.4   8940.5      0.0   6254.1      0.0   0.0000   0.5568   0.0000  20.0000   0.0000
   24    6  78029.1  38854.1  76826.2      0.0   3712.3   9206.9      0.0   6261.8      0.0   0.0000   0.5580   0.0000  20.0000   0.0000
   25    7  78446.4  38750.9  76630.4      0.0   3793.7   9074.1      0.0   5992.5      0.0   0.0000   0.5580   0.0000  20.0000   0.0000
   26    6  78597.9  38923.8  77302.4      0.0   3774.8   9014.6      0.0   6261.8      0.0   0.0000   0.5580   0.0000  20.0000   0.0000
   27    1  78213.9  38819.0  76522.0      0.0   3766.1   9073.7      0.0   6254.1      0.0   0.0000   0.5580   0.0000  20.0000   0.0000
   28    3  78144.2  38835.3  76782.6      0.0   3821.9   9009.2      0.0   6111.8      0.0   0.0000   0.5580   0.0000  20.0000   0.0000
   29    1  78407.7  38740.3  77314.4      0.0   3788.2   9137.8      0.0   6254.1      0.0   0.0000   0.5580   0.0000  20.0000   0.0000
   30    7  78052.4  39046.1  76543.6      0.0   3727.2   9170.5      0.0   5992.5      0.0   0.0000   0.5580   0.0000  20.0000   0.0000
   31    7  78341.4  39043.0  77223.6      0.0   3727.2   9137.5      0.0   5992.5      0.0   0.0000   0.5580   0.0000  20.0000   0.0000
   32    2  77888.6  38861.7  76337.8      0.0   3790.9   9036.4      0.0   6218.9      0.0   0.0000   0.5580   0.0000  20.0000   0.0000
   33    6  78621.2  39040.9  76687.3      0.0   3711.2   8990.5      0.0   6261.8      0.0   0.0000   0.5580   0.0000  20.0000   0.0000
   34    4  78059.6  39221.1  76808.1      0.0   3801.6   9070.3      0.0   6191.4      0.0   0.0000   0.5580   0.0000  20.0000   0.0000
   35    1  78532.7  38948.9  76497.5      0.0   3770.5   9106.4      0.0   6254.1      0.0   0.0000   0.5580   0.0000  20.0000   0.0000
   36    5  78643.7  38963.7  76794.4      0.0   3821.1   9047.4      0.0   6275.5      0.0   0.0000   0.5580   0.0000  20.0000   0.0000
   37    6  78522.2  38951.9  76678.7      0.0   3765.0   9003.9      0.0   6261.8      0.0   0.0000   0.5580   0.0000  20.0000   0.0000
