 IND | id | EBend  | EParll | EShear | ECoupl | E Kap  | E Chi  | EField | EBind  |   M    | Couple |  Chi   |  mu    |  Kap   | Field  |
    1    7  77920.9  38679.8  77127.9      0.0      0.0      0.0      0.0   5992.5      0.0   0.0000   0.0000   0.0000   0.0000   0.0000
    2    2  78198.4  39098.0  76529.6      0.0      0.0      0.0      0.0   6218.9      0.0   0.0000   0.0000   0.0000   0.0000   0.0000
    3    4  78347.7  39127.3  77000.0      0.0      0.0      0.0      0.0   6191.4      0.0   0.0000   0.0000   0.0000   0.0000   0.0000
    4    6  78213.8  39466.6  76987.3      0.0      0.0      0.0      0.0   6261.8      0.0   0.0000   0.0000   0.0000   0.0000   0.0000
    5    1  78829.8  38782.1  76733.7      0.0      0.0      0.0      0.0   6254.1      0.0   0.0000   0.0000   0.0000   0.0000   0.0000
    6    3  78321.3  39174.6  76604.8      0.0      0.0      0.0      0.0   6111.8      0.0   0.0000   0.0000   0.0000   0.0000   0.0000
    7    5  78386.6  38642.5  76733.9      0.0      0.0      0.0      0.0   6275.5      0.0   0.0000   0.0000   0.0000   0.0000   0.0000
    8    7  78141.0  38811.0  76740.8      0.0      0.0      0.0      0.0   5992.5      0.0   0.0000   0.0000   0.0000   0.0000   0.0000
    9    2  78591.7  38781.4  76907.1      0.0      0.0      0.0      0.0   6218.9      0.0   0.0000   0.0000   0.0000   0.0000   0.0000
   10    4  78313.4  39114.6  76937.5      0.0      0.0      0.0      0.0   6191.4      0.0   0.0000   0.0000   0.0000  20.0000   0.0000
   11    6  78332.0  39087.5  76928.5      0.0   3889.1      0.0      0.0   6261.8      0.0   0.0000   0.0000   0.0000  20.0000   0.0000
   12    1  78239.3  38829.6  76457.5      0.0   3723.3      0.0      0.0   6254.1      0.0   0.0000   0.0000   0.0000  20.0000   0.0000
   13    3  78307.5  39170.3  76743.7      0.0   3844.5      0.0      0.0   6111.8      0.0   0.0000   0.0000   0.0000  20.0000   0.0000
   14    5  78643.0  39144.5  76886.3      0.0   3722.5      0.0      0.0   6275.5      0.0   0.0000   0.0000   0.0000  20.0000   0.0000
   15    6  78569.7  39014.4  76853.0      0.0   3656.6  16317.7      0.0   6261.8      0.0   0.0000   1.7429   0.0000  20.0000   0.0000
   16    6  78098.4  39008.1  77193.5      0.0   3799.4  14070.5      0.0   6261.8      0.0   0.0000   1.3429   0.0000  20.0000   0.0000
   17    6  78208.9  39083.6  76337.6      0.0   3791.9  12108.1      0.0   6261.8      0.0   0.0000   0.9429   0.0000  20.0000   0.0000
   18    6  78014.2  38834.8  76849.6      0.0   3684.0   9303.5      0.0   6261.8      0.0   0.0000   0.5868   0.0000  20.0000   0.0000
   19    3  78563.2  39085.5  76663.9      0.0   3839.2   8699.5      0.0   6111.8      0.0   0.0000   0.5192   0.0000  20.0000   0.0000
   20    1  77801.9  38821.9  76978.8      0.0   3767.3   8557.8      0.0   6254.1      0.0   0.0000   0.5186   0.0000  20.0000   0.0000
   21    2  78246.4  38971.3  76903.0      0.0   3638.0   8654.3      0.0   6218.9      0.0   0.0000   0.5207   0.0000  20.0000   0.0000
   22    2  78300.6  39030.2  76840.4      0.0   3700.7   8675.3      0.0   6218.9      0.0   0.0000   0.5220   0.0000  20.0000   0.0000
   23    2  78419.4  39192.3  76778.2      0.0   3685.8   8576.7      0.0   6218.9      0.0   0.0000   0.5176   0.0000  20.0000   0.0000
   24    7  78379.4  39072.3  77180.9      0.0   3720.1   8640.2      0.0   5992.5      0.0   0.0000   0.5209   0.0000  20.0000   0.0000
   25    2  78461.8  39157.4  76700.2      0.0   3758.8   8704.9      0.0   6218.9      0.0   0.0000   0.5209   0.0000  20.0000   0.0000
   26    7  78333.1  39083.7  76875.2      0.0   3829.9   8647.5      0.0   5992.5      0.0   0.0000   0.5209   0.0000  20.0000   0.0000
   27    7  78391.7  38754.1  77056.1      0.0   3628.7   8694.5      0.0   5992.5      0.0   0.0000   0.5209   0.0000  20.0000   0.0000
   28    6  78469.5  39192.1  77047.0      0.0   3870.5   8647.8      0.0   6261.8      0.0   0.0000   0.5209   0.0000  20.0000   0.0000
   29    7  78253.4  39251.4  76659.4      0.0   3763.9   8644.9      0.0   5992.5      0.0   0.0000   0.5209   0.0000  20.0000   0.0000
   30    2  78285.4  38812.2  76735.1      0.0   3801.1   8635.7      0.0   6218.9      0.0   0.0000   0.5209   0.0000  20.0000   0.0000
   31    6  78173.5  39470.1  76976.7      0.0   3710.8   8621.9      0.0   6261.8      0.0   0.0000   0.5209   0.0000  20.0000   0.0000
   32    6  78380.0  39085.8  76716.7      0.0   3666.4   8649.9      0.0   6261.8      0.0   0.0000   0.5209   0.0000  20.0000   0.0000
   33    4  78278.5  38913.7  76779.9      0.0   3777.9   8588.5      0.0   6191.4      0.0   0.0000   0.5209   0.0000  20.0000   0.0000
   34    7  78468.0  39107.9  76426.4      0.0   3694.9   8622.4      0.0   5992.5      0.0   0.0000   0.5209   0.0000  20.0000   0.0000
   35    2  77900.3  38979.9  77471.5      0.0   3863.7   8507.9      0.0   6218.9      0.0   0.0000   0.5209   0.0000  20.0000   0.0000
   36    2  78529.0  39274.4  76713.5      0.0   3707.6   8628.8      0.0   6218.9      0.0   0.0000   0.5209   0.0000  20.0000   0.0000
   37    5  78318.4  39209.4  76933.4      0.0   3864.8   8663.0      0.0   6275.5      0.0   0.0000   0.5209   0.0000  20.0000   0.0000
