 IND | id | EBend  | EParll | EShear | ECoupl | E Kap  | E Chi  | EField | EBind  |   M    | Couple |  Chi   |  mu    |  Kap   | Field  |
    1    3  77553.1  38689.5  76741.0      0.0      0.0      0.0      0.0   6111.8      0.0   0.0000   0.0000   0.0000   0.0000   0.0000
    2    5  78189.1  38836.9  77009.7      0.0      0.0      0.0      0.0   6275.5      0.0   0.0000   0.0000   0.0000   0.0000   0.0000
    3    7  78290.6  38793.4  76929.3      0.0      0.0      0.0      0.0   5992.5      0.0   0.0000   0.0000   0.0000   0.0000   0.0000
    4    2  78357.4  39156.5  76806.6      0.0      0.0      0.0      0.0   6218.9      0.0   0.0000   0.0000   0.0000   0.0000   0.0000
    5    4  78535.7  38793.5  76992.0      0.0      0.0      0.0      0.0   6191.4      0.0   0.0000   0.0000   0.0000   0.0000   0.0000
    6    6  78371.5  39106.0  76796.0      0.0      0.0      0.0      0.0   6261.8      0.0   0.0000   0.0000   0.0000   0.0000   0.0000
    7    1  78302.0  39305.1  76693.8      0.0      0.0      0.0      0.0   6254.1      0.0   0.0000   0.0000   0.0000   0.0000   0.0000
    8    3  78779.3  38954.7  77397.5      0.0      0.0      0.0      0.0   6111.8      0.0   0.0000   0.0000   0.0000   0.0000   0.0000
    9    5  78147.5  38376.8  77102.1      0.0      0.0      0.0      0.0   6275.5      0.0   0.0000   0.0000   0.0000   0.0000   0.0000
   10    7  78645.9  38901.0  77066.1      0.0      0.0      0.0      0.0   5992.5      0.0   0.0000   0.0000   0.0000  20.0000   0.0000
   11    2  77896.6  39293.7  77004.1      0.0   3940.0      0.0      0.0   6218.9      0.0   0.0000   0.0000   0.0000  20.0000   0.0000
   12    4  78381.7  39051.6  76698.1      0.0   3882.8      0.0      0.0   6191.4      0.0   0.0000   0.0000   0.0000  20.0000   0.0000
   13    6  78048.3  39002.3  76731.4      0.0   3847.1      0.0      0.0   6261.8      0.0   0.0000   0.0000   0.0000  20.0000   0.0000
   14    1  78557.9  39253.1  76695.4      0.0   3784.0      0.0      0.0   6254.1      0.0   0.0000   0.0000   0.0000  20.0000   0.0000
   15    1  77894.6  38760.0  76785.8      0.0   3777.4   7385.3      0.0   6254.1      0.0   0.0000   0.4286   0.0000  20.0000   0.0000
   16    1  78337.7  38734.6  77111.2      0.0   3725.4   7397.9      0.0   6254.1      0.0   0.0000   0.4286   0.0000  20.0000   0.0000
   17    4  77988.8  38832.3  76606.8      0.0   3825.6   7393.0      0.0   6191.4      0.0   0.0000   0.4286   0.0000  20.0000   0.0000
   18    1  78276.5  39025.9  76462.5      0.0   3813.1   7355.1      0.0   6254.1      0.0   0.0000   0.4286   0.0000  20.0000   0.0000
   19    6  78507.1  39231.5  76824.7      0.0   3760.5   7405.5      0.0   6261.8      0.0   0.0000   0.4286   0.0000  20.0000   0.0000
   20    7  78488.7  38902.4  77387.1      0.0   3740.4   7416.3      0.0   5992.5      0.0   0.0000   0.4286   0.0000  20.0000   0.0000
   21    5  78420.4  38864.9  77219.6      0.0   3800.4   7430.2      0.0   6275.5      0.0   0.0000   0.4286   0.0000  20.0000   0.0000
   22    6  78299.3  39153.3  76912.4      0.0   3771.4   7391.6      0.0   6261.8      0.0   0.0000   0.4286   0.0000  20.0000   0.0000
   23    3  78104.9  38924.2  76738.0      0.0   3719.1   7457.6      0.0   6111.8      0.0   0.0000   0.4286   0.0000  20.0000   0.0000
   24    1  78848.0  38785.4  76692.1      0.0   3722.5   7391.0      0.0   6254.1      0.0   0.0000   0.4286   0.0000  20.0000   0.0000
   25    6  78367.1  39253.1  76602.8      0.0   3774.5   7466.3      0.0   6261.8      0.0   0.0000   0.4286   0.0000  20.0000   0.0000
   26    2  78171.2  38939.3  77082.9      0.0   3662.6   7437.7      0.0   6218.9      0.0   0.0000   0.4286   0.0000  20.0000   0.0000
   27    3  78378.3  38991.5  76713.6      0.0   3771.6   7406.5      0.0   6111.8      0.0   0.0000   0.4286   0.0000  20.0000   0.0000
   28    7  78601.9  38792.1  76898.5      0.0   3793.7   7400.2      0.0   5992.5      0.0   0.0000   0.4286   0.0000  20.0000   0.0000
   29    4  77953.6  39148.0  76735.0      0.0   3843.7   7411.4      0.0   6191.4      0.0   0.0000   0.4286   0.0000  20.0000   0.0000
   30    5  77865.9  39055.7  77540.8      0.0   3853.6   7389.4      0.0   6275.5      0.0   0.0000   0.4286   0.0000  20.0000   0.0000
   31    3  78288.7  38975.6  76682.2      0.0   3756.8   7368.3      0.0   6111.8      0.0   0.0000   0.4286   0.0000  20.0000   0.0000
   32    5  78572.2  38891.3  77212.6      0.0   3780.2   7386.2      0.0   6275.5      0.0   0.0000   0.4286   0.0000  20.0000   0.0000
   33    3  78686.2  38810.3  76790.8      0.0   3691.2   7345.8      0.0   6111.8      0.0   0.0000   0.4286   0.0000  20.0000   0.0000
   34    6  78360.0  39140.3  76850.0      0.0   3808.1   7408.8      0.0   6261.8      0.0   0.0000   0.4286   0.0000  20.0000   0.0000
   35    3  78305.0  39054.1  76728.5      0.0   3712.0   7408.8      0.0   6111.8      0.0   0.0000   0.4286   0.0000  20.0000   0.0000
   36    3  78982.3  39014.2  76662.6      0.0   3720.1   7449.6      0.0   6111.8      0.0   0.0000   0.4286   0.0000  20.0000   0.0000
   37    4  77996.4  38901.2  77130.5      0.0   3763.2   7418.0      0.0   6191.4      0.0   0.0000   0.4286   0.0000  20.0000   0.0000
