 IND | id | EBend  | EParll | EShear | ECoupl | E Kap  | E Chi  | EField | EBind  |   M    | Couple |  Chi   |  mu    |  Kap   | Field  |
    1    6  77599.7  38943.5  76481.2      0.0      0.0      0.0      0.0   6261.8      0.0   0.0000   0.0000   0.0000   0.0000   0.0000
    2    1  78433.2  38903.8  76542.9      0.0      0.0      0.0      0.0   6254.1      0.0   0.0000   0.0000   0.0000   0.0000   0.0000
    3    3  78191.7  39197.9  76765.5      0.0      0.0      0.0      0.0   6111.8      0.0   0.0000   0.0000   0.0000   0.0000   0.0000
    4    5  78697.6  38915.9  76642.6      0.0      0.0      0.0      0.0   6275.5      0.0   0.0000   0.0000   0.0000   0.0000   0.0000
    5    7  78800.0  38811.8  77175.0      0.0      0.0      0.0      0.0   5992.5      0.0   0.0000   0.0000   0.0000   0.0000   0.0000
    6    2  78146.6  38787.2  76328.5      0.0      0.0      0.0      0.0   6218.9      0.0   0.0000   0.0000   0.0000   0.0000   0.0000
    7    4  77831.5  38898.9  77096.2      0.0      0.0      0.0      0.0   6191.4      0.0   0.0000   0.0000   0.0000   0.0000   0.0000
    8    6  78487.5  38974.5  76378.2      0.0      0.0      0.0      0.0   6261.8      0.0   0.0000   0.0000   0.0000   0.0000   0.0000
    9    1  79013.9  38832.4  77143.7      0.0      0.0      0.0      0.0   6254.1      0.0   0.0000   0.0000   0.0000   0.0000   0.0000
   10    3  78717.0  39099.4  77002.0      0.0      0.0      0.0      0.0   6111.8      0.0   0.0000   0.0000   0.0000  20.0000   0.0000
   11    5  78635.7  38680.8  76206.9      0.0   3798.2      0.0      0.0   6275.5      0.0   0.0000   0.0000   0.0000  20.0000   0.0000
   12    7  78308.2  39077.9  76798.3      0.0   3822.5      0.0      0.0   5992.5      0.0   0.0000   0.0000   0.0000  20.0000   0.0000
   13    2  78579.3  38800.1  76643.5      0.0   3887.4      0.0      0.0   6218.9      0.0   0.0000   0.0000   0.0000  20.0000   0.0000
   14    4  77889.0  38839.9  76845.8      0.0   3857.2      0.0      0.0   6191.4      0.0   0.0000   0.0000   0.0000  20.0000   0.0000
   15    7  78267.4  39142.8  76845.8      0.0   3768.8  14120.6      0.0   5992.5      0.0   0.0000   1.3143   0.0000  20.0000   0.0000
   16    7  78180.1  39231.1  76869.1      0.0   3794.9  11928.6      0.0   5992.5      0.0   0.0000   0.9143   0.0000  20.0000   0.0000
   17    7  78541.3  38852.8  76334.2      0.0   3853.7   9079.5      0.0   5992.5      0.0   0.0000   0.5659   0.0000  20.0000   0.0000
   18    4  78113.3  38369.6  76967.5      0.0   3747.0   8400.0      0.0   6191.4      0.0   0.0000   0.4987   0.0000  20.0000   0.0000
   19    7  78193.8  38900.3  77175.4      0.0   3783.3   8428.4      0.0   5992.5      0.0   0.0000   0.4973   0.0000  20.0000   0.0000
   20    3  78508.9  38578.9  77068.9      0.0   3697.2   8327.1      0.0   6111.8      0.0   0.0000   0.4992   0.0000  20.0000   0.0000
   21    3  77968.0  38921.5  76609.3      0.0   3629.1   8462.7      0.0   6111.8      0.0   0.0000   0.4999   0.0000  20.0000   0.0000
   22    1  78186.5  39326.7  76709.7      0.0   3805.2   8448.8      0.0   6254.1      0.0   0.0000   0.4995   0.0000  20.0000   0.0000
   23    7  78511.0  39086.6  76683.2      0.0   3654.9   8274.3      0.0   5992.5      0.0   0.0000   0.4979   0.0000  20.0000   0.0000
   24    4  78262.4  39191.5  76888.0      0.0   3698.2   8377.4      0.0   6191.4      0.0   0.0000   0.5008   0.0000  20.0000   0.0000
   25    4  77930.2  38775.7  76546.6      0.0   3790.8   8417.6      0.0   6191.4      0.0   0.0000   0.5008   0.0000  20.0000   0.0000
   26    4  78119.9  39202.4  76005.4      0.0   3667.8   8422.7      0.0   6191.4      0.0   0.0000   0.5008   0.0000  20.0000   0.0000
   27    2  78684.8  38814.7  76835.8      0.0   3681.3   8418.0      0.0   6218.9      0.0   0.0000   0.5008   0.0000  20.0000   0.0000
   28    1  78388.1  39171.3  77205.9      0.0   3758.0   8372.2      0.0   6254.1      0.0   0.0000   0.5008   0.0000  20.0000   0.0000
   29    3  78236.7  38771.4  76823.9      0.0   3766.8   8376.6      0.0   6111.8      0.0   0.0000   0.5008   0.0000  20.0000   0.0000
   30    4  78541.4  39233.3  77369.5      0.0   3735.3   8429.5      0.0   6191.4      0.0   0.0000   0.5008   0.0000  20.0000   0.0000
   31    5  78492.1  38733.7  76489.5      0.0   3748.7   8389.9      0.0   6275.5      0.0   0.0000   0.5008   0.0000  20.0000   0.0000
   32    1  78675.8  39032.0  76874.1      0.0   3748.9   8378.9      0.0   6254.1      0.0   0.0000   0.5008   0.0000  20.0000   0.0000
   33    7  78349.1  39065.2  77141.8      0.0   3641.8   8469.0      0.0   5992.5      0.0   0.0000   0.5008   0.0000  20.0000   0.0000
   34    3  78447.4  38996.8  76600.9      0.0   3686.9   8390.6      0.0   6111.8      0.0   0.0000   0.5008   0.0000  20.0000   0.0000
   35    4  78461.3  38975.8  76872.6      0.0   3616.9   8371.6      0.0   6191.4      0.0   0.0000   0.5008   0.0000  20.0000   0.0000
   36    7  78591.1  39025.1  76765.4      0.0   3815.1   8340.5      0.0   5992.5      0.0   0.0000   0.5008   0.0000  20.0000   0.0000
   37    2  78170.6  38840.9  76554.2      0.0   3748.3   8382.4      0.0   6218.9      0.0   0.0000   0.5008   0.0000  20.0000   0.0000
