 IND | id | EBend  | EParll | EShear | ECoupl | E Kap  | E Chi  | EField | EBind  |   M    | Couple |  Chi   |  mu    |  Kap   | Field  |
    1    1  78156.4  38432.4  76284.1      0.0      0.0      0.0      0.0   6254.1      0.0   0.0000   0.0000   0.0000   0.0000   0.0000
    2    3  77828.0  38784.0  76583.5      0.0      0.0      0.0      0.0   6111.8      0.0   0.0000   0.0000   0.0000   0.0000   0.0000
    3    5  77937.1  38643.3  76736.5      0.0      0.0      0.0      0.0   6275.5      0.0   0.0000   0.0000   0.0000   0.0000   0.0000
    4    7  78325.1  39305.8  76682.0      0.0      0.0      0.0      0.0   5992.5      0.0   0.0000   0.0000   0.0000   0.0000   0.0000
    5    2  78203.3  38728.4  76238.6      0.0      0.0      0.0      0.0   6218.9      0.0   0.0000   0.0000   0.0000   0.0000   0.0000
    6    4  78086.2  39057.8  76524.3      0.0      0.0      0.0      0.0   6191.4      0.0   0.0000   0.0000   0.0000   0.0000   0.0000
    7    6  78172.1  38707.2  76995.7      0.0      0.0      0.0      0.0   6261.8      0.0   0.0000   0.0000   0.0000   0.0000   0.0000
    8    1  78218.7  39078.1  76728.7      0.0      0.0      0.0      0.0   6254.1      0.0   0.0000   0.0000   0.0000   0.0000   0.0000
    9    3  77983.1  39338.0  76859.9      0.0      0.0      0.0      0.0   6111.8      0.0   0.0000   0.0000   0.0000   0.0000   0.0000
   10    5  78211.0  39022.0  77191.9      0.0      0.0      0.0      0.0   6275.5      0.0   0.0000   0.0000   0.0000  20.0000   0.0000
   11    7  78102.0  39281.7  76423.6      0.0   3710.5      0.0      0.0   5992.5      0.0   0.0000   0.0000   0.0000  20.0000   0.0000
   12    2  78672.9  38794.2  76726.4      0.0   3774.4      0.0      0.0   6218.9      0.0   0.0000   0.0000   0.0000  20.0000   0.0000
   13    4  78297.3  39039.4  76952.3      0.0   3824.8      0.0      0.0   6191.4      0.0   0.0000   0.0000   0.0000  20.0000   0.0000
   14    6  78126.0  38981.8  77000.4      0.0   3732.2      0.0      0.0   6261.8      0.0   0.0000   0.0000   0.0000  20.0000   0.0000
   15    2  77635.4  38903.7  77223.2      0.0   3982.4  18684.8      0.0   6218.9      0.0   0.0000   2.1714   0.0000  20.0000   0.0000
   16    2  78448.3  38885.9  76854.9      0.0   3869.8  16191.8      0.0   6218.9      0.0   0.0000   1.7714   0.0000  20.0000   0.0000
   17    2  78545.6  39173.5  76699.3      0.0   3777.8  14216.8      0.0   6218.9      0.0   0.0000   1.3714   0.0000  20.0000   0.0000
   18    2  78136.4  38979.1  77096.6      0.0   3685.2  12351.1      0.0   6218.9      0.0   0.0000   0.9714   0.0000  20.0000   0.0000
   19    2  78665.6  38891.4  76796.9      0.0   3753.4   9665.9      0.0   6218.9      0.0   0.0000   0.6113   0.0000  20.0000   0.0000
   20    4  78056.6  38961.7  76960.4      0.0   3766.6   8801.1      0.0   6191.4      0.0   0.0000   0.5383   0.0000  20.0000   0.0000
   21    1  78394.3  39033.1  76904.6      0.0   3717.5   9004.5      0.0   6254.1      0.0   0.0000   0.5419   0.0000  20.0000   0.0000
   22    5  78241.1  39304.7  76539.3      0.0   3849.3   8873.0      0.0   6275.5      0.0   0.0000   0.5397   0.0000  20.0000   0.0000
   23    4  78075.2  38813.5  76893.5      0.0   3699.6   8802.3      0.0   6191.4      0.0   0.0000   0.5374   0.0000  20.0000   0.0000
   24    3  78297.0  38928.8  76465.8      0.0   3756.0   8805.7      0.0   6111.8      0.0   0.0000   0.5382   0.0000  20.0000   0.0000
   25    5  78104.5  38809.7  76987.3      0.0   3766.9   8844.4      0.0   6275.5      0.0   0.0000   0.5382   0.0000  20.0000   0.0000
   26    3  78385.7  38733.2  77149.2      0.0   3862.7   8821.5      0.0   6111.8      0.0   0.0000   0.5382   0.0000  20.0000   0.0000
   27    6  78172.9  38899.4  76463.4      0.0   3831.3   8861.3      0.0   6261.8      0.0   0.0000   0.5382   0.0000  20.0000   0.0000
   28    2  78387.6  38711.9  76627.6      0.0   3777.4   8865.1      0.0   6218.9      0.0   0.0000   0.5382   0.0000  20.0000   0.0000
   29    5  78464.7  39274.3  77043.5      0.0   3738.0   8803.6      0.0   6275.5      0.0   0.0000   0.5382   0.0000  20.0000   0.0000
   30    6  78365.0  39244.0  77059.6      0.0   3830.9   8873.9      0.0   6261.8      0.0   0.0000   0.5382   0.0000  20.0000   0.0000
   31    2  78200.4  39266.9  76537.7      0.0   3908.9   8854.9      0.0   6218.9      0.0   0.0000   0.5382   0.0000  20.0000   0.0000
   32    3  78558.3  38952.5  76858.2      0.0   3786.8   8909.3      0.0   6111.8      0.0   0.0000   0.5382   0.0000  20.0000   0.0000
   33    2  78237.7  39300.1  76881.3      0.0   3816.2   8876.8      0.0   6218.9      0.0   0.0000   0.5382   0.0000  20.0000   0.0000
   34    1  78054.5  38689.6  76759.6      0.0   3743.3   8868.4      0.0   6254.1      0.0   0.0000   0.5382   0.0000  20.0000   0.0000
   35    5  78473.4  39085.3  76640.7      0.0   3772.1   8785.4      0.0   6275.5      0.0   0.0000   0.5382   0.0000  20.0000   0.0000
   36    4  78612.3  39087.8  77110.3      0.0   3721.2   8808.5      0.0   6191.4      0.0   0.0000   0.5382   0.0000  20.0000   0.0000
   37    7  78182.2  38897.4  76492.8      0.0   3660.3   8866.2      0.0   5992.5      0.0   0.0000   0.5382   0.0000  20.0000   0.0000
