 IND | id | EBend  | EParll | EShear | ECoupl | E Kap  | E Chi  | EField | EBind  |   M    | Couple |  Chi   |  mu    |  Kap   | Field  |
    1   89  77957.8  38828.3  76810.1      0.0      0.0      0.0      0.0   5894.6      0.0   0.0000   0.0000   0.0000   0.0000   0.0000
    2   39  78315.2  39148.6  76480.0      0.0      0.0      0.0      0.0   5972.7      0.0   0.0000   0.0000   0.0000   0.0000   0.0000
    3   78  78529.3  38985.3  77029.6      0.0      0.0      0.0      0.0   5836.5      0.0   0.0000   0.0000   0.0000   0.0000   0.0000
    4   28  78456.9  39229.8  76760.8      0.0      0.0      0.0      0.0   5857.9      0.0   0.0000   0.0000   0.0000   0.0000   0.0000
    5   67  78466.0  39187.8  77066.8      0.0      0.0      0.0      0.0   6176.2      0.0   0.0000   0.0000   0.0000   0.0000   0.0000
    6   17  78221.0  39160.3  76724.5      0.0      0.0      0.0      0.0   5905.3      0.0   0.0000   0.0000   0.0000   0.0000   0.0000
    7   56  78524.0  39257.4  76526.7      0.0      0.0      0.0      0.0   6127.2      0.0   0.0000   0.0000   0.0000   0.0000   0.0000
    8    6  78287.1  38753.9  77052.3      0.0      0.0      0.0      0.0   5897.7      0.0   0.0000   0.0000   0.0000   0.0000   0.0000
    9   45  78131.2  38791.6  76489.7      0.0      0.0      0.0      0.0   5911.5      0.0   0.0000   0.0000   0.0000   0.0000   0.0000
   10   84  78303.7  39053.3  77202.6      0.0      0.0      0.0      0.0   6029.3      0.0   0.0000   0.0000   0.0000  20.0000   0.0000
   11   34  78647.7  39064.3  76817.4      0.0   3850.8      0.0      0.0   5678.9      0.0   0.0000   0.0000   0.0000  20.0000   0.0000
   12   73  78227.7  38694.3  76943.2      0.0   3745.1      0.0      0.0   5995.6      0.0   0.0000   0.0000   0.0000  20.0000   0.0000
   13   23  78890.5  39156.1  76944.8      0.0   3780.2      0.0      0.0   5943.6      0.0   0.0000   0.0000   0.0000  20.0000   0.0000
   14   62  78634.9  38731.6  76282.7      0.0   3748.9      0.0      0.0   6070.6      0.0   0.0000   0.0000   0.0000  20.0000   0.0000
   15   73  77775.3  38969.0  76817.0      0.0   3645.2  14085.6      0.0   5995.6      0.0   0.0000   1.2635   0.0000  20.0000   0.0000
   16   81  78377.9  38982.3  77024.2      0.0   3736.9  14160.5      0.0   6059.9      0.0   0.0000   1.2754   0.0000  20.0000   0.0000
   17   51  78301.5  38805.7  76568.7      0.0   3710.0  14149.4      0.0   5955.8      0.0   0.0000   1.2756   0.0000  20.0000   0.0000
   18   80  78579.4  39335.5  76892.6      0.0   3675.3  14350.2      0.0   6018.6      0.0   0.0000   1.2769   0.0000  20.0000   0.0000
   19   81  78437.4  38929.2  77029.6      0.0   3650.8  14326.5      0.0   6059.9      0.0   0.0000   1.2724   0.0000  20.0000   0.0000
   20   10  78295.0  39103.1  76661.1      0.0   3835.8  14242.4      0.0   6108.8      0.0   0.0000   1.2772   0.0000  20.0000   0.0000
   21   68  78146.4  38928.2  76436.6      0.0   3728.5  14087.2      0.0   6115.0      0.0   0.0000   1.2532   0.0000  20.0000   0.0000
   22   64  78151.0  38861.6  76842.8      0.0   3805.2  14290.0      0.0   6134.8      0.0   0.0000   1.2865   0.0000  20.0000   0.0000
   23   10  78687.8  39088.4  76313.6      0.0   3667.8  14137.0      0.0   6108.8      0.0   0.0000   1.2723   0.0000  20.0000   0.0000
   24   80  78532.6  39091.8  77165.3      0.0   3750.5  14281.1      0.0   6018.6      0.0   0.0000   1.2900   0.0000  20.0000   0.0000
   25   64  78212.1  39002.2  76688.4      0.0   3721.2  14054.1      0.0   6134.8      0.0   0.0000   1.2900   0.0000  20.0000   0.0000
   26   64  77913.9  39170.5  76732.3      0.0   3670.5  14376.3      0.0   6134.8      0.0   0.0000   1.2900   0.0000  20.0000   0.0000
   27   34  78046.0  39011.1  76646.5      0.0   3742.0  14283.9      0.0   5678.9      0.0   0.0000   1.2900   0.0000  20.0000   0.0000
   28   64  77891.2  38555.3  76833.9      0.0   3845.5  14294.9      0.0   6134.8      0.0   0.0000   1.2900   0.0000  20.0000   0.0000
