 IND | id | EBend  | EParll | EShear | ECoupl | E Kap  | E Chi  | EField | EBind  |   M    | Couple |  Chi   |  mu    |  Kap   | Field  |
    1   79  78266.6  38719.1  76265.0      0.0      0.0      0.0      0.0   5871.7      0.0   0.0000   0.0000   0.0000   0.0000   0.0000
    2   29  77887.2  38911.5  76503.4      0.0      0.0      0.0      0.0   6222.1      0.0   0.0000   0.0000   0.0000   0.0000   0.0000
    3   68  78349.9  39032.3  77130.2      0.0      0.0      0.0      0.0   6115.0      0.0   0.0000   0.0000   0.0000   0.0000   0.0000
    4   18  78410.8  39108.1  76534.6      0.0      0.0      0.0      0.0   5989.5      0.0   0.0000   0.0000   0.0000   0.0000   0.0000
    5   57  78083.2  38940.4  76915.5      0.0      0.0      0.0      0.0   6010.9      0.0   0.0000   0.0000   0.0000   0.0000   0.0000
    6    7  78340.6  38904.0  77033.2      0.0      0.0      0.0      0.0   6017.0      0.0   0.0000   0.0000   0.0000   0.0000   0.0000
    7   46  78029.0  39162.5  77010.2      0.0      0.0      0.0      0.0   6266.4      0.0   0.0000   0.0000   0.0000   0.0000   0.0000
    8   85  77855.5  38640.0  77163.1      0.0      0.0      0.0      0.0   6017.0      0.0   0.0000   0.0000   0.0000   0.0000   0.0000
    9   35  78063.3  39030.1  76544.3      0.0      0.0      0.0      0.0   6284.8      0.0   0.0000   0.0000   0.0000   0.0000   0.0000
   10   74  78188.9  39003.9  76705.1      0.0      0.0      0.0      0.0   5981.8      0.0   0.0000   0.0000   0.0000  20.0000   0.0000
   11   24  78013.8  38660.6  76858.3      0.0   3840.8      0.0      0.0   5937.5      0.0   0.0000   0.0000   0.0000  20.0000   0.0000
   12   63  78068.9  39148.1  77229.5      0.0   3840.2      0.0      0.0   5975.7      0.0   0.0000   0.0000   0.0000  20.0000   0.0000
   13   13  78427.2  38999.3  76867.1      0.0   3674.6      0.0      0.0   6189.9      0.0   0.0000   0.0000   0.0000  20.0000   0.0000
   14   52  77763.6  38954.2  76786.0      0.0   3755.0      0.0      0.0   6102.7      0.0   0.0000   0.0000   0.0000  20.0000   0.0000
   15   50  78124.4  39124.3  76772.0      0.0   3736.3  12949.3      0.0   5991.0      0.0   0.0000   1.0342   0.0000  20.0000   0.0000
   16   57  78497.7  38904.8  76263.3      0.0   3749.8  12950.3      0.0   6010.9      0.0   0.0000   1.0328   0.0000  20.0000   0.0000
   17   40  78119.1  38940.7  76894.2      0.0   3736.9  12955.1      0.0   6087.4      0.0   0.0000   1.0411   0.0000  20.0000   0.0000
   18   65  78504.8  39197.1  76717.7      0.0   3796.8  12991.8      0.0   6092.0      0.0   0.0000   1.0400   0.0000  20.0000   0.0000
   19   18  77978.0  38761.6  76550.6      0.0   3803.4  12918.6      0.0   5989.5      0.0   0.0000   1.0271   0.0000  20.0000   0.0000
   20   27  77991.9  39238.0  76733.0      0.0   3784.3  13053.5      0.0   5752.3      0.0   0.0000   1.0356   0.0000  20.0000   0.0000
   21   56  78529.1  38724.0  76892.8      0.0   3678.8  12871.0      0.0   6127.2      0.0   0.0000   1.0220   0.0000  20.0000   0.0000
   22   65  78341.9  38809.4  77084.9      0.0   3678.3  12882.5      0.0   6092.0      0.0   0.0000   1.0381   0.0000  20.0000   0.0000
   23   43  78625.5  39254.3  76640.5      0.0   3819.3  12649.2      0.0   6156.3      0.0   0.0000   1.0356   0.0000  20.0000   0.0000
   24   28  78202.5  38991.7  76582.6      0.0   3790.5  13093.1      0.0   5857.9      0.0   0.0000   1.0435   0.0000  20.0000   0.0000
   25   29  78573.5  39212.2  76691.8      0.0   3730.0  12931.1      0.0   6222.1      0.0   0.0000   1.0435   0.0000  20.0000   0.0000
   26   41  78591.1  39066.0  77501.0      0.0   3751.5  13057.3      0.0   5971.1      0.0   0.0000   1.0435   0.0000  20.0000   0.0000
   27    7  78130.1  38979.7  76835.7      0.0   3773.9  12875.0      0.0   6017.0      0.0   0.0000   1.0435   0.0000  20.0000   0.0000
   28   48  78460.3  39053.7  76494.3      0.0   3741.3  13043.9      0.0   5850.3      0.0   0.0000   1.0435   0.0000  20.0000   0.0000
