 IND | id | EBend  | EParll | EShear | ECoupl | E Kap  | E Chi  | EField | EBind  |   M    | Couple |  Chi   |  mu    |  Kap   | Field  |
    1   59  77891.2  38863.6  77076.2      0.0      0.0      0.0      0.0   6078.2      0.0   0.0000   0.0000   0.0000   0.0000   0.0000
    2    9  78397.7  38744.1  76990.9      0.0      0.0      0.0      0.0   5669.7      0.0   0.0000   0.0000   0.0000   0.0000   0.0000
    3   48  78459.6  39064.9  76793.0      0.0      0.0      0.0      0.0   5850.3      0.0   0.0000   0.0000   0.0000   0.0000   0.0000
    4   87  78764.5  39235.1  76443.6      0.0      0.0      0.0      0.0   6240.4      0.0   0.0000   0.0000   0.0000   0.0000   0.0000
    5   37  78431.9  38935.7  76563.8      0.0      0.0      0.0      0.0   6038.5      0.0   0.0000   0.0000   0.0000   0.0000   0.0000
    6   76  78584.0  38933.4  77237.6      0.0      0.0      0.0      0.0   6087.4      0.0   0.0000   0.0000   0.0000   0.0000   0.0000
    7   26  78350.1  39043.5  77414.5      0.0      0.0      0.0      0.0   6066.0      0.0   0.0000   0.0000   0.0000   0.0000   0.0000
    8   65  78430.5  39035.2  76673.2      0.0      0.0      0.0      0.0   6092.0      0.0   0.0000   0.0000   0.0000   0.0000   0.0000
    9   15  78562.0  39113.6  76512.8      0.0      0.0      0.0      0.0   6027.7      0.0   0.0000   0.0000   0.0000   0.0000   0.0000
   10   54  78454.8  39067.8  77253.1      0.0      0.0      0.0      0.0   5883.9      0.0   0.0000   0.0000   0.0000  20.0000   0.0000
   11    4  78748.3  39278.8  76609.3      0.0   3746.5      0.0      0.0   6007.9      0.0   0.0000   0.0000   0.0000  20.0000   0.0000
   12   43  78845.2  39041.9  76706.9      0.0   3786.8      0.0      0.0   6156.3      0.0   0.0000   0.0000   0.0000  20.0000   0.0000
   13   82  78319.9  39376.9  76925.0      0.0   3838.2      0.0      0.0   6111.9      0.0   0.0000   0.0000   0.0000  20.0000   0.0000
   14   32  78135.1  38957.7  76695.9      0.0   3754.9      0.0      0.0   6047.6      0.0   0.0000   0.0000   0.0000  20.0000   0.0000
   15   16  78200.8  39157.7  76477.4      0.0   3787.6   9697.6      0.0   6076.7      0.0   0.0000   0.6191   0.0000  20.0000   0.0000
   16   56  78139.4  39057.9  75979.6      0.0   3723.9   9895.1      0.0   6127.2      0.0   0.0000   0.6281   0.0000  20.0000   0.0000
   17   31  78178.8  38957.9  76405.3      0.0   3766.9   9706.1      0.0   5868.6      0.0   0.0000   0.6201   0.0000  20.0000   0.0000
   18   28  78303.4  38982.8  76722.5      0.0   3705.3   9803.7      0.0   5857.9      0.0   0.0000   0.6243   0.0000  20.0000   0.0000
   19   62  78448.7  38943.8  76692.7      0.0   3783.4   9843.7      0.0   6070.6      0.0   0.0000   0.6242   0.0000  20.0000   0.0000
   20   37  78175.7  38996.9  76823.2      0.0   3729.7   9906.4      0.0   6038.5      0.0   0.0000   0.6229   0.0000  20.0000   0.0000
   21   41  78454.1  38661.7  76889.5      0.0   3720.7   9870.2      0.0   5971.1      0.0   0.0000   0.6206   0.0000  20.0000   0.0000
   22   21  77882.5  38665.5  76827.5      0.0   3704.8   9939.9      0.0   6088.9      0.0   0.0000   0.6218   0.0000  20.0000   0.0000
   23   25  78183.9  39024.0  76803.1      0.0   3701.5   9800.2      0.0   6199.1      0.0   0.0000   0.6250   0.0000  20.0000   0.0000
   24   25  77962.5  38974.4  76533.1      0.0   3676.3   9951.8      0.0   6199.1      0.0   0.0000   0.6282   0.0000  20.0000   0.0000
   25   24  78209.2  38886.9  77081.0      0.0   3824.3  10001.1      0.0   5937.5      0.0   0.0000   0.6282   0.0000  20.0000   0.0000
   26   48  78536.3  38854.7  76975.0      0.0   3691.7   9872.0      0.0   5850.3      0.0   0.0000   0.6282   0.0000  20.0000   0.0000
   27   19  78444.2  38919.1  76606.3      0.0   3871.7  10012.7      0.0   6307.7      0.0   0.0000   0.6282   0.0000  20.0000   0.0000
   28   89  78489.9  39185.4  76339.2      0.0   3677.4   9950.9      0.0   5894.6      0.0   0.0000   0.6282   0.0000  20.0000   0.0000
