 IND | id | EBend  | EParll | EShear | ECoupl | E Kap  | E Chi  | EField | EBind  |   M    | Couple |  Chi   |  mu    |  Kap   | Field  |
    1   20  77948.0  38431.7  76414.6      0.0      0.0      0.0      0.0   6173.1      0.0   0.0000   0.0000   0.0000   0.0000   0.0000
    2   59  78239.9  39162.3  76771.2      0.0      0.0      0.0      0.0   6078.2      0.0   0.0000   0.0000   0.0000   0.0000   0.0000
    3    9  78169.5  39027.2  76885.0      0.0      0.0      0.0      0.0   5669.7      0.0   0.0000   0.0000   0.0000   0.0000   0.0000
    4   48  78313.6  38882.1  76334.8      0.0      0.0      0.0      0.0   5850.3      0.0   0.0000   0.0000   0.0000   0.0000   0.0000
    5   87  78601.8  39234.4  76842.8      0.0      0.0      0.0      0.0   6240.4      0.0   0.0000   0.0000   0.0000   0.0000   0.0000
    6   37  78276.3  39025.2  76304.6      0.0      0.0      0.0      0.0   6038.5      0.0   0.0000   0.0000   0.0000   0.0000   0.0000
    7   76  78281.0  39087.7  76440.4      0.0      0.0      0.0      0.0   6087.4      0.0   0.0000   0.0000   0.0000   0.0000   0.0000
    8   26  78468.7  39223.2  76989.9      0.0      0.0      0.0      0.0   6066.0      0.0   0.0000   0.0000   0.0000   0.0000   0.0000
    9   65  78278.1  39604.0  77263.6      0.0      0.0      0.0      0.0   6092.0      0.0   0.0000   0.0000   0.0000   0.0000   0.0000
   10   15  78160.7  39128.0  77059.3      0.0      0.0      0.0      0.0   6027.7      0.0   0.0000   0.0000   0.0000  20.0000   0.0000
   11   54  79013.5  38986.1  77059.7      0.0   3764.9      0.0      0.0   5883.9      0.0   0.0000   0.0000   0.0000  20.0000   0.0000
   12    4  78407.1  39050.1  77100.1      0.0   3744.7      0.0      0.0   6007.9      0.0   0.0000   0.0000   0.0000  20.0000   0.0000
   13   43  78538.5  39050.3  76911.1      0.0   3684.2      0.0      0.0   6156.3      0.0   0.0000   0.0000   0.0000  20.0000   0.0000
   14   82  78379.6  38991.5  76985.5      0.0   3702.2      0.0      0.0   6111.9      0.0   0.0000   0.0000   0.0000  20.0000   0.0000
   15   54  78483.3  39439.8  76985.3      0.0   3908.4  17583.7      0.0   5883.9      0.0   0.0000   1.9142   0.0000  20.0000   0.0000
   16   70  77922.2  38984.8  76649.9      0.0   3716.1  16987.2      0.0   5968.1      0.0   0.0000   1.8606   0.0000  20.0000   0.0000
   17   85  78032.9  38959.2  77133.2      0.0   3759.9  16870.6      0.0   6017.0      0.0   0.0000   1.8571   0.0000  20.0000   0.0000
   18   76  78030.7  39037.5  76850.2      0.0   3936.3  16858.4      0.0   6087.4      0.0   0.0000   1.8330   0.0000  20.0000   0.0000
   19   76  78205.2  38782.8  76632.0      0.0   3696.8  16619.2      0.0   6087.4      0.0   0.0000   1.8320   0.0000  20.0000   0.0000
   20   74  78268.1  39046.3  76549.5      0.0   3829.8  16347.8      0.0   5981.8      0.0   0.0000   1.8194   0.0000  20.0000   0.0000
   21   72  78104.6  39102.1  76891.8      0.0   3748.8  16715.8      0.0   5981.8      0.0   0.0000   1.8294   0.0000  20.0000   0.0000
   22    6  78531.4  39137.8  77379.7      0.0   3802.1  16871.4      0.0   5897.7      0.0   0.0000   1.8731   0.0000  20.0000   0.0000
   23    6  77986.1  38548.2  77097.6      0.0   3796.6  16193.6      0.0   5897.7      0.0   0.0000   1.8031   0.0000  20.0000   0.0000
   24   88  78493.4  39001.2  76592.6      0.0   3676.6  16523.6      0.0   6229.7      0.0   0.0000   1.8269   0.0000  20.0000   0.0000
   25    4  78266.7  39197.1  77090.9      0.0   3860.7  16718.9      0.0   6007.9      0.0   0.0000   1.8269   0.0000  20.0000   0.0000
   26   83  78205.9  39131.4  76205.1      0.0   3742.0  16410.5      0.0   6009.4      0.0   0.0000   1.8269   0.0000  20.0000   0.0000
   27    2  78423.7  39128.7  76545.5      0.0   3783.6  16414.7      0.0   6067.5      0.0   0.0000   1.8269   0.0000  20.0000   0.0000
   28    4  78275.0  38911.8  76339.9      0.0   3803.8  16603.2      0.0   6007.9      0.0   0.0000   1.8269   0.0000  20.0000   0.0000
