 IND | id | EBend  | EParll | EShear | ECoupl | E Kap  | E Chi  | EField | EBind  |   M    | Couple |  Chi   |  mu    |  Kap   | Field  |
    1   30  78569.2  38977.8  77065.5      0.0      0.0      0.0      0.0   6014.0      0.0   0.0000   0.0000   0.0000   0.0000   0.0000
    2   69  78101.5  38933.0  76683.4      0.0      0.0      0.0      0.0   6029.3      0.0   0.0000   0.0000   0.0000   0.0000   0.0000
    3   19  78404.7  39021.8  77036.2      0.0      0.0      0.0      0.0   6307.7      0.0   0.0000   0.0000   0.0000   0.0000   0.0000
    4   58  78287.3  38966.2  77203.6      0.0      0.0      0.0      0.0   6139.4      0.0   0.0000   0.0000   0.0000   0.0000   0.0000
    5    8  78256.4  38890.7  76631.2      0.0      0.0      0.0      0.0   5911.5      0.0   0.0000   0.0000   0.0000   0.0000   0.0000
    6   47  77857.9  38883.8  76422.4      0.0      0.0      0.0      0.0   5972.7      0.0   0.0000   0.0000   0.0000   0.0000   0.0000
    7   86  78440.7  38972.9  76315.4      0.0      0.0      0.0      0.0   6062.9      0.0   0.0000   0.0000   0.0000   0.0000   0.0000
    8   36  78509.6  38899.1  76741.5      0.0      0.0      0.0      0.0   6346.0      0.0   0.0000   0.0000   0.0000   0.0000   0.0000
    9   75  78483.5  39224.4  76634.4      0.0      0.0      0.0      0.0   5975.7      0.0   0.0000   0.0000   0.0000   0.0000   0.0000
   10   25  78078.3  39141.0  76631.6      0.0      0.0      0.0      0.0   6199.1      0.0   0.0000   0.0000   0.0000  20.0000   0.0000
   11   64  78674.6  39206.3  76555.9      0.0   3782.9      0.0      0.0   6134.8      0.0   0.0000   0.0000   0.0000  20.0000   0.0000
   12   14  78236.5  39262.8  76902.1      0.0   3777.0      0.0      0.0   5989.5      0.0   0.0000   0.0000   0.0000  20.0000   0.0000
   13   53  77880.4  38841.1  76744.6      0.0   3820.0      0.0      0.0   6147.1      0.0   0.0000   0.0000   0.0000  20.0000   0.0000
   14    3  78538.9  38879.7  76644.9      0.0   3703.0      0.0      0.0   6069.1      0.0   0.0000   0.0000   0.0000  20.0000   0.0000
   15   32  78311.4  38746.8  76782.8      0.0   3756.3  20116.8      0.0   6047.6      0.0   0.0000   2.3278   0.0000  20.0000   0.0000
   16   75  78463.9  38964.9  77017.3      0.0   3812.8  19199.8      0.0   5975.7      0.0   0.0000   2.2951   0.0000  20.0000   0.0000
   17    2  78156.5  39098.5  75993.3      0.0   3878.6  18628.4      0.0   6067.5      0.0   0.0000   2.2434   0.0000  20.0000   0.0000
   18    2  78013.9  38753.3  76898.2      0.0   3879.1  18423.3      0.0   6067.5      0.0   0.0000   2.2039   0.0000  20.0000   0.0000
   19   53  78141.9  39234.1  77467.5      0.0   3900.2  18664.4      0.0   6147.1      0.0   0.0000   2.2561   0.0000  20.0000   0.0000
   20   70  77881.4  38754.4  76511.0      0.0   3812.8  17897.3      0.0   5968.1      0.0   0.0000   2.1697   0.0000  20.0000   0.0000
   21   70  78237.5  39002.4  76676.1      0.0   3802.6  18145.6      0.0   5968.1      0.0   0.0000   2.1958   0.0000  20.0000   0.0000
   22   82  78314.9  38728.8  77203.1      0.0   3769.0  18210.6      0.0   6111.9      0.0   0.0000   2.2108   0.0000  20.0000   0.0000
   23   82  78206.4  39235.7  76822.8      0.0   3694.7  17993.5      0.0   6111.9      0.0   0.0000   2.1779   0.0000  20.0000   0.0000
   24   78  77987.2  39049.1  76921.4      0.0   3817.4  17872.0      0.0   5836.5      0.0   0.0000   2.1820   0.0000  20.0000   0.0000
   25   82  78621.1  38714.5  76724.6      0.0   3862.9  17996.7      0.0   6111.9      0.0   0.0000   2.1820   0.0000  20.0000   0.0000
   26   82  78050.3  38878.6  77070.9      0.0   3783.7  17747.6      0.0   6111.9      0.0   0.0000   2.1820   0.0000  20.0000   0.0000
   27    1  78042.0  39224.4  76398.8      0.0   3808.8  18000.9      0.0   5847.2      0.0   0.0000   2.1820   0.0000  20.0000   0.0000
   28   84  78414.8  39303.5  77270.1      0.0   3774.0  17829.8      0.0   6029.3      0.0   0.0000   2.1820   0.0000  20.0000   0.0000
