 IND | id | EBend  | EParll | EShear | ECoupl | E Kap  | E Chi  | EField | EBind  |   M    | Couple |  Chi   |  mu    |  Kap   | Field  |
    1   40  78047.0  38780.1  76555.4      0.0      0.0      0.0      0.0   6087.4      0.0   0.0000   0.0000   0.0000   0.0000   0.0000
    2   79  77840.3  39024.7  76716.6      0.0      0.0      0.0      0.0   5871.7      0.0   0.0000   0.0000   0.0000   0.0000   0.0000
    3   29  78658.6  39102.3  76732.5      0.0      0.0      0.0      0.0   6222.1      0.0   0.0000   0.0000   0.0000   0.0000   0.0000
    4   68  78699.7  39124.6  76278.1      0.0      0.0      0.0      0.0   6115.0      0.0   0.0000   0.0000   0.0000   0.0000   0.0000
    5   18  78300.0  38961.1  77002.1      0.0      0.0      0.0      0.0   5989.5      0.0   0.0000   0.0000   0.0000   0.0000   0.0000
    6   57  78573.8  39224.6  77177.9      0.0      0.0      0.0      0.0   6010.9      0.0   0.0000   0.0000   0.0000   0.0000   0.0000
    7    7  78605.8  38539.9  76765.8      0.0      0.0      0.0      0.0   6017.0      0.0   0.0000   0.0000   0.0000   0.0000   0.0000
    8   46  77655.5  38982.7  76868.4      0.0      0.0      0.0      0.0   6266.4      0.0   0.0000   0.0000   0.0000   0.0000   0.0000
    9   85  78649.8  39046.2  76498.7      0.0      0.0      0.0      0.0   6017.0      0.0   0.0000   0.0000   0.0000   0.0000   0.0000
   10   35  78269.6  39175.5  77190.6      0.0      0.0      0.0      0.0   6284.8      0.0   0.0000   0.0000   0.0000  20.0000   0.0000
   11   74  78505.2  39050.5  76447.0      0.0   3693.2      0.0      0.0   5981.8      0.0   0.0000   0.0000   0.0000  20.0000   0.0000
   12   24  77828.2  39162.7  76821.2      0.0   3751.7      0.0      0.0   5937.5      0.0   0.0000   0.0000   0.0000  20.0000   0.0000
   13   63  78030.2  38815.3  76597.4      0.0   3788.0      0.0      0.0   5975.7      0.0   0.0000   0.0000   0.0000  20.0000   0.0000
   14   13  78431.5  39280.8  76347.2      0.0   3828.1      0.0      0.0   6189.9      0.0   0.0000   0.0000   0.0000  20.0000   0.0000
   15   14  77980.4  38653.7  77045.6      0.0   3718.2    454.3      0.0   5989.5      0.0   0.0000   0.0247   0.0000  20.0000   0.0000
   16   20  78128.6  39089.7  76802.8      0.0   3842.6    452.9      0.0   6173.1      0.0   0.0000   0.0247   0.0000  20.0000   0.0000
   17   39  78067.5  38996.8  76700.1      0.0   3743.0    453.7      0.0   5972.7      0.0   0.0000   0.0247   0.0000  20.0000   0.0000
   18   13  78316.8  39171.5  76695.9      0.0   3750.6    452.4      0.0   6189.9      0.0   0.0000   0.0247   0.0000  20.0000   0.0000
   19   30  78180.0  38965.1  76628.8      0.0   3872.1    451.8      0.0   6014.0      0.0   0.0000   0.0247   0.0000  20.0000   0.0000
   20   62  78370.6  38510.7  76639.4      0.0   3791.5    453.0      0.0   6070.6      0.0   0.0000   0.0247   0.0000  20.0000   0.0000
   21   26  78119.1  38486.9  76959.6      0.0   3860.8    452.3      0.0   6066.0      0.0   0.0000   0.0247   0.0000  20.0000   0.0000
   22   23  78416.2  38694.5  76762.0      0.0   3692.8    454.0      0.0   5943.6      0.0   0.0000   0.0247   0.0000  20.0000   0.0000
   23   22  78158.2  38801.8  76836.2      0.0   3748.1    454.3      0.0   6182.3      0.0   0.0000   0.0247   0.0000  20.0000   0.0000
   24   67  78748.5  38978.9  76959.2      0.0   3775.0    453.7      0.0   6176.2      0.0   0.0000   0.0247   0.0000  20.0000   0.0000
   25   45  78211.4  39119.7  76927.7      0.0   3727.9    453.6      0.0   5911.5      0.0   0.0000   0.0247   0.0000  20.0000   0.0000
   26   39  79104.5  38624.3  77414.3      0.0   3726.5    455.1      0.0   5972.7      0.0   0.0000   0.0247   0.0000  20.0000   0.0000
   27   45  78076.6  38956.2  76618.8      0.0   3803.5    452.9      0.0   5911.5      0.0   0.0000   0.0247   0.0000  20.0000   0.0000
   28   37  78321.6  38718.5  77106.0      0.0   3896.1    452.9      0.0   6038.5      0.0   0.0000   0.0247   0.0000  20.0000   0.0000
