 IND | id | EBend  | EParll | EShear | ECoupl | E Kap  | E Chi  | EField | EBind  |   M    | Couple |  Chi   |  mu    |  Kap   | Field  |
    1   49  77893.1  38868.1  76573.1      0.0      0.0      0.0      0.0   6102.7      0.0   0.0000   0.0000   0.0000   0.0000   0.0000
    2   88  78323.5  39296.4  76410.5      0.0      0.0      0.0      0.0   6229.7      0.0   0.0000   0.0000   0.0000   0.0000   0.0000
    3   38  78050.9  38794.5  77447.9      0.0      0.0      0.0      0.0   5877.8      0.0   0.0000   0.0000   0.0000   0.0000   0.0000
    4   77  78265.2  38820.0  76907.7      0.0      0.0      0.0      0.0   6217.5      0.0   0.0000   0.0000   0.0000   0.0000   0.0000
    5   27  77976.7  39157.1  76800.9      0.0      0.0      0.0      0.0   5752.3      0.0   0.0000   0.0000   0.0000   0.0000   0.0000
    6   66  78708.7  39223.2  77092.8      0.0      0.0      0.0      0.0   6151.7      0.0   0.0000   0.0000   0.0000   0.0000   0.0000
    7   16  78320.2  39410.2  76894.3      0.0      0.0      0.0      0.0   6076.7      0.0   0.0000   0.0000   0.0000   0.0000   0.0000
    8   55  78904.1  39314.6  76792.8      0.0      0.0      0.0      0.0   5822.7      0.0   0.0000   0.0000   0.0000   0.0000   0.0000
    9    5  78306.0  38675.2  76986.5      0.0      0.0      0.0      0.0   5883.9      0.0   0.0000   0.0000   0.0000   0.0000   0.0000
   10   44  78299.8  38948.9  76756.9      0.0      0.0      0.0      0.0   6202.2      0.0   0.0000   0.0000   0.0000  20.0000   0.0000
   11   83  78116.1  38875.7  77303.7      0.0   3768.4      0.0      0.0   6009.4      0.0   0.0000   0.0000   0.0000  20.0000   0.0000
   12   33  78035.0  39263.1  76668.3      0.0   3850.6      0.0      0.0   6199.1      0.0   0.0000   0.0000   0.0000  20.0000   0.0000
   13   72  78568.7  39092.2  76895.7      0.0   3836.5      0.0      0.0   5981.8      0.0   0.0000   0.0000   0.0000  20.0000   0.0000
   14   22  78587.1  39281.4  76932.4      0.0   3810.4      0.0      0.0   6182.3      0.0   0.0000   0.0000   0.0000  20.0000   0.0000
   15   21  77904.6  39160.5  76880.1      0.0   3789.0   6902.9      0.0   6088.9      0.0   0.0000   0.3952   0.0000  20.0000   0.0000
   16   33  78563.9  38697.3  76631.0      0.0   3742.3   7005.8      0.0   6199.1      0.0   0.0000   0.4000   0.0000  20.0000   0.0000
   17   67  78646.5  39260.8  77099.0      0.0   3632.9   6948.6      0.0   6176.2      0.0   0.0000   0.3964   0.0000  20.0000   0.0000
   18   39  78110.1  38871.3  76485.5      0.0   3639.2   6971.4      0.0   5972.7      0.0   0.0000   0.3979   0.0000  20.0000   0.0000
   19   13  78689.6  38995.0  76945.2      0.0   3743.8   7028.5      0.0   6189.9      0.0   0.0000   0.4018   0.0000  20.0000   0.0000
   20   67  77728.4  39060.1  76789.9      0.0   3698.1   6981.9      0.0   6176.2      0.0   0.0000   0.3991   0.0000  20.0000   0.0000
   21   16  77983.4  39106.3  77270.5      0.0   3693.5   6910.5      0.0   6076.7      0.0   0.0000   0.3973   0.0000  20.0000   0.0000
   22   62  78262.5  39009.8  76758.9      0.0   3693.5   6986.0      0.0   6070.6      0.0   0.0000   0.3995   0.0000  20.0000   0.0000
   23   24  77574.0  38717.7  76729.8      0.0   3847.9   6925.6      0.0   5937.5      0.0   0.0000   0.3984   0.0000  20.0000   0.0000
   24   19  77864.2  38961.7  76918.5      0.0   3750.7   6942.7      0.0   6307.7      0.0   0.0000   0.4013   0.0000  20.0000   0.0000
   25   67  78495.0  39042.4  76817.4      0.0   3767.9   6981.2      0.0   6176.2      0.0   0.0000   0.4013   0.0000  20.0000   0.0000
   26   45  78458.4  38797.2  76857.1      0.0   3732.3   7016.8      0.0   5911.5      0.0   0.0000   0.4013   0.0000  20.0000   0.0000
   27   27  78195.0  38822.4  76931.5      0.0   3839.6   7039.7      0.0   5752.3      0.0   0.0000   0.4013   0.0000  20.0000   0.0000
   28   59  77684.6  39127.4  77239.3      0.0   3659.6   6986.6      0.0   6078.2      0.0   0.0000   0.4013   0.0000  20.0000   0.0000
