 IND | id | EBend  | EParll | EShear | ECoupl | E Kap  | E Chi  | EField | EBind  |   M    | Couple |  Chi   |  mu    |  Kap   | Field  |
    1   69  78179.2  38778.5  76459.7      0.0      0.0      0.0      0.0   6029.3      0.0   0.0000   0.0000   0.0000   0.0000   0.0000
    2   19  78111.1  38722.6  76469.0      0.0      0.0      0.0      0.0   6307.7      0.0   0.0000   0.0000   0.0000   0.0000   0.0000
    3   58  78349.6  38764.4  77143.1      0.0      0.0      0.0      0.0   6139.4      0.0   0.0000   0.0000   0.0000   0.0000   0.0000
    4    8  77769.5  39297.3  76872.4      0.0      0.0      0.0      0.0   5911.5      0.0   0.0000   0.0000   0.0000   0.0000   0.0000
    5   47  78414.0  39219.1  76198.0      0.0      0.0      0.0      0.0   5972.7      0.0   0.0000   0.0000   0.0000   0.0000   0.0000
    6   86  78327.1  38612.8  76402.2      0.0      0.0      0.0      0.0   6062.9      0.0   0.0000   0.0000   0.0000   0.0000   0.0000
    7   36  78797.4  39018.9  77107.7      0.0      0.0      0.0      0.0   6346.0      0.0   0.0000   0.0000   0.0000   0.0000   0.0000
    8   75  78329.8  39288.0  76848.6      0.0      0.0      0.0      0.0   5975.7      0.0   0.0000   0.0000   0.0000   0.0000   0.0000
    9   25  78252.8  38853.0  77055.3      0.0      0.0      0.0      0.0   6199.1      0.0   0.0000   0.0000   0.0000   0.0000   0.0000
   10   64  78364.4  39356.4  77044.8      0.0      0.0      0.0      0.0   6134.8      0.0   0.0000   0.0000   0.0000  20.0000   0.0000
   11   14  78189.9  38830.3  76836.5      0.0   3772.1      0.0      0.0   5989.5      0.0   0.0000   0.0000   0.0000  20.0000   0.0000
   12   53  78557.2  39107.9  76573.2      0.0   3731.7      0.0      0.0   6147.1      0.0   0.0000   0.0000   0.0000  20.0000   0.0000
   13    3  78512.1  39231.6  76643.4      0.0   3699.4      0.0      0.0   6069.1      0.0   0.0000   0.0000   0.0000  20.0000   0.0000
   14   42  78090.6  39185.4  76863.6      0.0   3729.2      0.0      0.0   6026.2      0.0   0.0000   0.0000   0.0000  20.0000   0.0000
   15   52  78360.2  39360.4  76933.3      0.0   3711.6  11580.9      0.0   6102.7      0.0   0.0000   0.8202   0.0000  20.0000   0.0000
   16   18  78608.5  38893.9  77293.6      0.0   3768.8  11630.0      0.0   5989.5      0.0   0.0000   0.8239   0.0000  20.0000   0.0000
   17   45  78469.9  39421.0  77006.5      0.0   3706.4  11409.0      0.0   5911.5      0.0   0.0000   0.8141   0.0000  20.0000   0.0000
   18   27  78156.0  38977.1  76532.6      0.0   3906.5  11447.5      0.0   5752.3      0.0   0.0000   0.8235   0.0000  20.0000   0.0000
   19   31  77988.8  38987.3  76896.4      0.0   3756.2  11338.3      0.0   5868.6      0.0   0.0000   0.8242   0.0000  20.0000   0.0000
   20   28  78217.2  38991.0  77150.5      0.0   3883.1  11574.1      0.0   5857.9      0.0   0.0000   0.8196   0.0000  20.0000   0.0000
   21   73  78283.4  39106.3  76690.0      0.0   3731.7  11420.8      0.0   5995.6      0.0   0.0000   0.8197   0.0000  20.0000   0.0000
   22   47  77881.3  39092.0  76655.3      0.0   3789.6  11554.5      0.0   5972.7      0.0   0.0000   0.8182   0.0000  20.0000   0.0000
   23   21  78235.9  38789.9  76852.5      0.0   3706.4  11429.0      0.0   6088.9      0.0   0.0000   0.8147   0.0000  20.0000   0.0000
   24    7  78193.0  39049.3  77067.8      0.0   3783.3  11601.0      0.0   6017.0      0.0   0.0000   0.8288   0.0000  20.0000   0.0000
   25   59  78249.1  38596.1  76819.8      0.0   3677.7  11620.8      0.0   6078.2      0.0   0.0000   0.8288   0.0000  20.0000   0.0000
   26   47  78145.5  39106.2  76831.1      0.0   3722.0  11520.1      0.0   5972.7      0.0   0.0000   0.8288   0.0000  20.0000   0.0000
   27   18  78268.1  38837.7  76604.6      0.0   3748.3  11523.7      0.0   5989.5      0.0   0.0000   0.8288   0.0000  20.0000   0.0000
   28   56  78601.3  38979.3  76644.2      0.0   3747.1  11520.6      0.0   6127.2      0.0   0.0000   0.8288   0.0000  20.0000   0.0000
