 IND | id | EBend  | EParll | EShear | ECoupl | E Kap  | E Chi  | EField | EBind  |   M    | Couple |  Chi   |  mu    |  Kap   | Field  |
    1   10  78026.7  38560.6  76461.0      0.0      0.0      0.0      0.0   6108.8      0.0   0.0000   0.0000   0.0000   0.0000   0.0000
    2   49  78483.6  38840.0  76486.9      0.0      0.0      0.0      0.0   6102.7      0.0   0.0000   0.0000   0.0000   0.0000   0.0000
    3   88  78011.9  39135.6  76756.5      0.0      0.0      0.0      0.0   6229.7      0.0   0.0000   0.0000   0.0000   0.0000   0.0000
    4   38  78066.4  39046.5  76487.3      0.0      0.0      0.0      0.0   5877.8      0.0   0.0000   0.0000   0.0000   0.0000   0.0000
    5   77  78612.8  39031.8  76692.4      0.0      0.0      0.0      0.0   6217.5      0.0   0.0000   0.0000   0.0000   0.0000   0.0000
    6   27  78111.6  38831.8  76819.7      0.0      0.0      0.0      0.0   5752.3      0.0   0.0000   0.0000   0.0000   0.0000   0.0000
    7   66  78304.0  38662.8  76665.6      0.0      0.0      0.0      0.0   6151.7      0.0   0.0000   0.0000   0.0000   0.0000   0.0000
    8   16  78559.8  39108.6  76786.1      0.0      0.0      0.0      0.0   6076.7      0.0   0.0000   0.0000   0.0000   0.0000   0.0000
    9   55  78135.5  38810.8  76940.1      0.0      0.0      0.0      0.0   5822.7      0.0   0.0000   0.0000   0.0000   0.0000   0.0000
   10    5  78505.8  38996.0  76744.7      0.0      0.0      0.0      0.0   5883.9      0.0   0.0000   0.0000   0.0000  20.0000   0.0000
   11   44  78478.8  38730.4  76616.8      0.0   3694.0      0.0      0.0   6202.2      0.0   0.0000   0.0000   0.0000  20.0000   0.0000
   12   83  78130.9  39185.0  76422.7      0.0   3892.0      0.0      0.0   6009.4      0.0   0.0000   0.0000   0.0000  20.0000   0.0000
   13   33  77790.4  39319.6  77109.6      0.0   3757.7      0.0      0.0   6199.1      0.0   0.0000   0.0000   0.0000  20.0000   0.0000
   14   72  78461.6  39196.4  76788.6      0.0   3660.3      0.0      0.0   5981.8      0.0   0.0000   0.0000   0.0000  20.0000   0.0000
   15   89  77824.9  38945.9  76766.0      0.0   3712.3  15678.1      0.0   5894.6      0.0   0.0000   1.5584   0.0000  20.0000   0.0000
   16    6  78708.0  38939.3  76507.3      0.0   3722.3  15582.0      0.0   5897.7      0.0   0.0000   1.5376   0.0000  20.0000   0.0000
   17    3  78111.1  39306.2  77091.3      0.0   3864.4  15894.6      0.0   6069.1      0.0   0.0000   1.5627   0.0000  20.0000   0.0000
   18   61  78157.8  38916.4  76957.1      0.0   3863.1  15587.8      0.0   6186.9      0.0   0.0000   1.5336   0.0000  20.0000   0.0000
   19   60  78194.9  38907.4  76535.5      0.0   3854.4  15399.4      0.0   6010.9      0.0   0.0000   1.5268   0.0000  20.0000   0.0000
   20   55  78447.4  39160.0  76896.6      0.0   3753.4  15197.4      0.0   5822.7      0.0   0.0000   1.5267   0.0000  20.0000   0.0000
   21   60  78389.6  39004.0  76791.6      0.0   3718.0  15155.4      0.0   6010.9      0.0   0.0000   1.5095   0.0000  20.0000   0.0000
   22   60  78019.5  38818.0  76843.8      0.0   3763.7  15605.7      0.0   6010.9      0.0   0.0000   1.5640   0.0000  20.0000   0.0000
   23   55  78220.4  39056.2  76326.8      0.0   3726.4  15174.6      0.0   5822.7      0.0   0.0000   1.5290   0.0000  20.0000   0.0000
   24   60  78490.2  38953.3  76591.3      0.0   3880.2  15375.8      0.0   6010.9      0.0   0.0000   1.5417   0.0000  20.0000   0.0000
   25   51  77996.4  38995.6  76863.0      0.0   3767.8  15420.9      0.0   5955.8      0.0   0.0000   1.5417   0.0000  20.0000   0.0000
   26   60  77953.6  39204.5  76767.3      0.0   3900.0  15346.0      0.0   6010.9      0.0   0.0000   1.5417   0.0000  20.0000   0.0000
   27   54  78270.7  39049.8  76527.1      0.0   3816.0  15247.3      0.0   5883.9      0.0   0.0000   1.5417   0.0000  20.0000   0.0000
   28   51  77475.0  39155.5  76798.7      0.0   3854.0  15255.6      0.0   5955.8      0.0   0.0000   1.5417   0.0000  20.0000   0.0000
