 IND | id | EBend  | EParll | EShear | ECoupl | E Kap  | E Chi  | EField | EBind  |   M    | Couple |  Chi   |  mu    |  Kap   | Field  |
    1   44  78055.6  38847.5  76870.5      0.0      0.0      0.0      0.0   6202.2      0.0   0.0000   0.0000   0.0000   0.0000   0.0000
    2   83  77925.0  38667.5  76885.4      0.0      0.0      0.0      0.0   6009.4      0.0   0.0000   0.0000   0.0000   0.0000   0.0000
    3   33  78275.7  39163.8  77039.2      0.0      0.0      0.0      0.0   6199.1      0.0   0.0000   0.0000   0.0000   0.0000   0.0000
    4   72  78581.8  39263.4  77315.5      0.0      0.0      0.0      0.0   5981.8      0.0   0.0000   0.0000   0.0000   0.0000   0.0000
    5   22  78826.3  38992.8  76897.0      0.0      0.0      0.0      0.0   6182.3      0.0   0.0000   0.0000   0.0000   0.0000   0.0000
    6   61  78040.3  38761.5  76771.1      0.0      0.0      0.0      0.0   6186.9      0.0   0.0000   0.0000   0.0000   0.0000   0.0000
    7   11  78070.5  38995.4  77345.0      0.0      0.0      0.0      0.0   5911.5      0.0   0.0000   0.0000   0.0000   0.0000   0.0000
    8   50  77767.1  39135.7  76883.6      0.0      0.0      0.0      0.0   5991.0      0.0   0.0000   0.0000   0.0000   0.0000   0.0000
    9   89  78369.8  38982.5  77139.4      0.0      0.0      0.0      0.0   5894.6      0.0   0.0000   0.0000   0.0000   0.0000   0.0000
   10   39  78102.4  39010.7  77032.7      0.0      0.0      0.0      0.0   5972.7      0.0   0.0000   0.0000   0.0000  20.0000   0.0000
   11   78  78433.9  39032.1  76828.0      0.0   3688.1      0.0      0.0   5836.5      0.0   0.0000   0.0000   0.0000  20.0000   0.0000
   12   28  77586.2  39061.9  76561.7      0.0   3801.9      0.0      0.0   5857.9      0.0   0.0000   0.0000   0.0000  20.0000   0.0000
   13   67  78810.0  38851.0  76722.2      0.0   3772.5      0.0      0.0   6176.2      0.0   0.0000   0.0000   0.0000  20.0000   0.0000
   14   17  77921.4  39069.6  76669.5      0.0   3750.8      0.0      0.0   5905.3      0.0   0.0000   0.0000   0.0000  20.0000   0.0000
   15   13  78342.7  39173.7  76986.4      0.0   3744.4   3891.6      0.0   6189.9      0.0   0.0000   0.2156   0.0000  20.0000   0.0000
   16   42  78112.7  39112.5  77135.9      0.0   3869.4   3957.5      0.0   6026.2      0.0   0.0000   0.2200   0.0000  20.0000   0.0000
   17   37  78557.9  39059.6  76414.8      0.0   3752.6   3931.1      0.0   6038.5      0.0   0.0000   0.2172   0.0000  20.0000   0.0000
   18   49  78283.9  38960.3  76887.1      0.0   3839.3   3898.1      0.0   6102.7      0.0   0.0000   0.2168   0.0000  20.0000   0.0000
   19   19  78364.4  39165.2  76502.0      0.0   3718.4   3969.0      0.0   6307.7      0.0   0.0000   0.2205   0.0000  20.0000   0.0000
   20   19  78303.3  39279.0  76845.7      0.0   3739.7   3971.2      0.0   6307.7      0.0   0.0000   0.2197   0.0000  20.0000   0.0000
   21   42  78347.1  38964.8  77345.8      0.0   3863.4   3868.4      0.0   6026.2      0.0   0.0000   0.2144   0.0000  20.0000   0.0000
   22   22  78168.8  38928.0  76525.9      0.0   3778.5   3978.7      0.0   6182.3      0.0   0.0000   0.2206   0.0000  20.0000   0.0000
   23   39  78115.2  38881.9  76840.7      0.0   3769.2   3901.1      0.0   5972.7      0.0   0.0000   0.2174   0.0000  20.0000   0.0000
   24   23  78044.3  39409.2  76576.8      0.0   3690.3   3889.1      0.0   5943.6      0.0   0.0000   0.2166   0.0000  20.0000   0.0000
   25   58  78057.8  38920.7  76994.3      0.0   3765.2   3908.3      0.0   6139.4      0.0   0.0000   0.2166   0.0000  20.0000   0.0000
   26   20  78460.9  38836.4  76473.5      0.0   3870.9   3899.1      0.0   6173.1      0.0   0.0000   0.2166   0.0000  20.0000   0.0000
   27   59  78072.8  38759.1  76913.1      0.0   3712.0   3909.3      0.0   6078.2      0.0   0.0000   0.2166   0.0000  20.0000   0.0000
   28   30  77797.1  39169.9  76769.7      0.0   3659.9   3893.0      0.0   6014.0      0.0   0.0000   0.2166   0.0000  20.0000   0.0000
