 IND | id | EBend  | EParll | EShear | ECoupl | E Kap  | E Chi  | EField | EBind  |   M    | Couple |  Chi   |  mu    |  Kap   | Field  |
    1   17  78306.6  39073.6  76765.9      0.0      0.0      0.0      0.0   6111.1      0.0   0.0000   0.0000   0.0000   0.0000   0.0000
    2   33  77944.4  38994.3  76663.2      0.0      0.0      0.0      0.0   5971.9      0.0   0.0000   0.0000   0.0000   0.0000   0.0000
    3   49  78816.8  38456.9  76476.0      0.0      0.0      0.0      0.0   5932.1      0.0   0.0000   0.0000   0.0000   0.0000   0.0000
    4   16  78068.9  38739.9  76660.7      0.0      0.0      0.0      0.0   6126.4      0.0   0.0000   0.0000   0.0000   0.0000   0.0000
    5   32  78244.3  39052.6  76903.0      0.0      0.0      0.0      0.0   5991.8      0.0   0.0000   0.0000   0.0000   0.0000   0.0000
    6   48  78204.3  38775.0  77060.3      0.0      0.0      0.0      0.0   6147.8      0.0   0.0000   0.0000   0.0000   0.0000   0.0000
    7   15  77856.0  38662.4  76914.1      0.0      0.0      0.0      0.0   6268.7      0.0   0.0000   0.0000   0.0000   0.0000   0.0000
    8   31  78238.6  39001.8  76836.7      0.0      0.0      0.0      0.0   6222.8      0.0   0.0000   0.0000   0.0000   0.0000   0.0000
    9   47  78190.6  38967.0  76824.6      0.0      0.0      0.0      0.0   6031.5      0.0   0.0000   0.0000   0.0000   0.0000   0.0000
   10   14  78377.5  38790.4  76656.0      0.0      0.0      0.0      0.0   6160.1      0.0   0.0000   0.0000   0.0000  20.0000   0.0000
   11   30  78797.9  39166.3  76941.3      0.0   3772.3      0.0      0.0   6065.2      0.0   0.0000   0.0000   0.0000  20.0000   0.0000
   12   46  78193.1  39086.3  77255.8      0.0   3773.1      0.0      0.0   6053.0      0.0   0.0000   0.0000   0.0000  20.0000   0.0000
   13   13  78841.7  38944.6  76671.3      0.0   3751.6      0.0      0.0   5985.6      0.0   0.0000   0.0000   0.0000  20.0000   0.0000
   14   29  78040.1  38756.0  76779.5      0.0   3758.3      0.0      0.0   6008.6      0.0   0.0000   0.0000   0.0000  20.0000   0.0000
   15   39  78424.9  39293.4  76859.9      0.0   3791.2    374.5      0.0   6163.1      0.0   0.0000   0.0204   0.0000  20.0000   0.0000
   16   45  77888.1  39226.6  77306.3      0.0   3686.4    373.4      0.0   6066.7      0.0   0.0000   0.0204   0.0000  20.0000   0.0000
   17   19  77946.9  39214.6  76498.6      0.0   3805.1    373.8      0.0   5999.4      0.0   0.0000   0.0204   0.0000  20.0000   0.0000
   18   41  78378.0  38933.9  76729.2      0.0   3780.1    374.0      0.0   6105.0      0.0   0.0000   0.0204   0.0000  20.0000   0.0000
   19   31  77997.9  39242.6  77227.2      0.0   3682.3    373.0      0.0   6222.8      0.0   0.0000   0.0204   0.0000  20.0000   0.0000
   20   48  78603.8  39026.2  76963.3      0.0   3804.6    374.6      0.0   6147.8      0.0   0.0000   0.0204   0.0000  20.0000   0.0000
   21    4  78216.8  38736.2  76794.0      0.0   3804.4    374.3      0.0   6189.1      0.0   0.0000   0.0204   0.0000  20.0000   0.0000
