 IND | id | EBend  | EParll | EShear | ECoupl | E Kap  | E Chi  | EField | EBind  |   M    | Couple |  Chi   |  mu    |  Kap   | Field  |
    1   41  77844.0  38367.4  76606.9      0.0      0.0      0.0      0.0   6105.0      0.0   0.0000   0.0000   0.0000   0.0000   0.0000
    2    8  78072.6  39270.1  76800.2      0.0      0.0      0.0      0.0   6036.1      0.0   0.0000   0.0000   0.0000   0.0000   0.0000
    3   24  78445.6  38728.4  76585.0      0.0      0.0      0.0      0.0   6186.1      0.0   0.0000   0.0000   0.0000   0.0000   0.0000
    4   40  79138.9  39242.6  76852.5      0.0      0.0      0.0      0.0   6100.4      0.0   0.0000   0.0000   0.0000   0.0000   0.0000
    5    7  78762.5  39009.5  76660.5      0.0      0.0      0.0      0.0   5993.3      0.0   0.0000   0.0000   0.0000   0.0000   0.0000
    6   23  78888.2  38800.3  76932.8      0.0      0.0      0.0      0.0   6114.2      0.0   0.0000   0.0000   0.0000   0.0000   0.0000
    7   39  78323.5  39300.6  76695.3      0.0      0.0      0.0      0.0   6163.1      0.0   0.0000   0.0000   0.0000   0.0000   0.0000
    8    6  78733.9  38932.5  76728.4      0.0      0.0      0.0      0.0   6150.9      0.0   0.0000   0.0000   0.0000   0.0000   0.0000
    9   22  78218.5  39324.1  76613.1      0.0      0.0      0.0      0.0   6025.4      0.0   0.0000   0.0000   0.0000   0.0000   0.0000
   10   38  78425.7  38801.0  76943.7      0.0      0.0      0.0      0.0   5893.8      0.0   0.0000   0.0000   0.0000  20.0000   0.0000
   11    5  78342.9  39171.5  76692.9      0.0   3835.3      0.0      0.0   6065.2      0.0   0.0000   0.0000   0.0000  20.0000   0.0000
   12   21  78321.6  39132.5  76458.1      0.0   3825.7      0.0      0.0   6167.7      0.0   0.0000   0.0000   0.0000  20.0000   0.0000
   13   37  78227.5  39069.9  76596.1      0.0   3756.9      0.0      0.0   5952.0      0.0   0.0000   0.0000   0.0000  20.0000   0.0000
   14    4  78291.7  39444.1  76749.1      0.0   3877.8      0.0      0.0   6189.1      0.0   0.0000   0.0000   0.0000  20.0000   0.0000
   15   44  78307.1  38825.8  77030.8      0.0   3760.1  10338.9      0.0   6043.8      0.0   0.0000   0.6970   0.0000  20.0000   0.0000
   16   40  78605.6  38778.5  76920.8      0.0   3719.5  10376.8      0.0   6100.4      0.0   0.0000   0.7014   0.0000  20.0000   0.0000
   17   33  78153.2  38798.8  76236.1      0.0   3799.7  10504.1      0.0   5971.9      0.0   0.0000   0.7098   0.0000  20.0000   0.0000
   18   10  78470.8  39184.5  76768.7      0.0   3800.7  10526.3      0.0   5783.7      0.0   0.0000   0.7133   0.0000  20.0000   0.0000
   19   34  78284.7  38737.2  77179.8      0.0   3833.3  10464.7      0.0   6039.2      0.0   0.0000   0.7061   0.0000  20.0000   0.0000
   20   45  78556.3  39491.5  76538.3      0.0   3687.5  10433.3      0.0   6066.7      0.0   0.0000   0.7051   0.0000  20.0000   0.0000
   21   38  78328.7  39275.6  76713.9      0.0   3802.9  10434.3      0.0   5893.8      0.0   0.0000   0.6988   0.0000  20.0000   0.0000
