 IND | id | EBend  | EParll | EShear | ECoupl | E Kap  | E Chi  | EField | EBind  |   M    | Couple |  Chi   |  mu    |  Kap   | Field  |
    1   16  78127.5  38623.9  76736.9      0.0      0.0      0.0      0.0   6126.4      0.0   0.0000   0.0000   0.0000   0.0000   0.0000
    2   32  78694.8  39205.2  76987.7      0.0      0.0      0.0      0.0   5991.8      0.0   0.0000   0.0000   0.0000   0.0000   0.0000
    3   48  78850.0  38784.9  76878.4      0.0      0.0      0.0      0.0   6147.8      0.0   0.0000   0.0000   0.0000   0.0000   0.0000
    4   15  78572.7  39081.0  76783.2      0.0      0.0      0.0      0.0   6268.7      0.0   0.0000   0.0000   0.0000   0.0000   0.0000
    5   31  78219.8  39015.9  76396.2      0.0      0.0      0.0      0.0   6222.8      0.0   0.0000   0.0000   0.0000   0.0000   0.0000
    6   47  78444.7  39051.3  77115.1      0.0      0.0      0.0      0.0   6031.5      0.0   0.0000   0.0000   0.0000   0.0000   0.0000
    7   14  78422.4  39152.0  76966.4      0.0      0.0      0.0      0.0   6160.1      0.0   0.0000   0.0000   0.0000   0.0000   0.0000
    8   30  78494.2  39274.6  76911.0      0.0      0.0      0.0      0.0   6065.2      0.0   0.0000   0.0000   0.0000   0.0000   0.0000
    9   46  78614.3  39008.5  76824.4      0.0      0.0      0.0      0.0   6053.0      0.0   0.0000   0.0000   0.0000   0.0000   0.0000
   10   13  78234.7  39138.9  77034.2      0.0      0.0      0.0      0.0   5985.6      0.0   0.0000   0.0000   0.0000  20.0000   0.0000
   11   29  78550.4  39178.8  76878.2      0.0   3800.7      0.0      0.0   6008.6      0.0   0.0000   0.0000   0.0000  20.0000   0.0000
   12   45  78626.6  39048.9  77009.6      0.0   3739.0      0.0      0.0   6066.7      0.0   0.0000   0.0000   0.0000  20.0000   0.0000
   13   12  78015.5  38904.6  76908.4      0.0   3796.6      0.0      0.0   6143.2      0.0   0.0000   0.0000   0.0000  20.0000   0.0000
   14   28  78318.2  39149.7  76759.0      0.0   3703.3      0.0      0.0   6181.5      0.0   0.0000   0.0000   0.0000  20.0000   0.0000
   15   28  77996.3  39179.2  76580.8      0.0   3798.6  13829.2      0.0   6181.5      0.0   0.0000   1.2174   0.0000  20.0000   0.0000
   16   23  77578.4  39147.0  76932.5      0.0   3744.6  13740.5      0.0   6114.2      0.0   0.0000   1.2135   0.0000  20.0000   0.0000
   17   23  78163.5  39001.9  76987.7      0.0   3717.5  13713.5      0.0   6114.2      0.0   0.0000   1.2396   0.0000  20.0000   0.0000
   18   20  78314.6  39221.5  76842.0      0.0   3742.2  13910.2      0.0   5979.5      0.0   0.0000   1.2494   0.0000  20.0000   0.0000
   19    1  78302.7  38894.5  76191.1      0.0   3802.3  13704.6      0.0   6314.6      0.0   0.0000   1.2208   0.0000  20.0000   0.0000
   20    1  77930.9  38864.9  76832.4      0.0   3815.8  13937.1      0.0   6314.6      0.0   0.0000   1.2243   0.0000  20.0000   0.0000
   21   21  77773.7  38801.2  76628.9      0.0   3867.5  13689.9      0.0   6167.7      0.0   0.0000   1.2228   0.0000  20.0000   0.0000
