 ~~~~~~~~~~~exchange:         6000 , ind:           1 ~~~~~~~~~~~~~~~~~~~~
 rep | node|  up   | down  |  s   | c-chi       x-chi        
     1     7 1.00000 0.00000 0.0000  0.0000000   0.0000000   
     2     1 1.00000 1.00000 0.1667  0.5000000   0.0000000   
     3     2 1.00000 1.00000 0.3333  1.0000000   0.0000000   
     4     3 1.00000 1.00000 0.5000  1.5000000   0.0000000   
     5     4 1.00000 1.00000 0.6667  2.0000000   0.0000000   
     6     5 1.00000 1.00000 0.8333  2.5000000   0.0000000   
     7     6 0.00000 1.00000 1.0000  3.0000000   0.0000000   
 ~~~~~~~~~~~exchange:        12000 , ind:           2 ~~~~~~~~~~~~~~~~~~~~
 rep | node|  up   | down  |  s   | c-chi       x-chi        
     1     6 1.00000 0.00000 0.0000  0.0000000   0.0000000   
     2     7 1.00000 1.00000 0.1667  0.5000000   0.0000000   
     3     1 1.00000 1.00000 0.3333  1.0000000   0.0000000   
     4     2 1.00000 1.00000 0.5000  1.5000000   0.0000000   
     5     3 1.00000 1.00000 0.6667  2.0000000   0.0000000   
     6     4 1.00000 1.00000 0.8333  2.5000000   0.0000000   
     7     5 0.00000 1.00000 1.0000  3.0000000   0.0000000   
 ~~~~~~~~~~~exchange:        18000 , ind:           3 ~~~~~~~~~~~~~~~~~~~~
 rep | node|  up   | down  |  s   | c-chi       x-chi        
     1     5 1.00000 0.00000 0.0000  0.0000000   0.0000000   
     2     6 1.00000 1.00000 0.1667  0.5000000   0.0000000   
     3     7 1.00000 1.00000 0.3333  1.0000000   0.0000000   
     4     1 1.00000 1.00000 0.5000  1.5000000   0.0000000   
     5     2 1.00000 1.00000 0.6667  2.0000000   0.0000000   
     6     3 1.00000 1.00000 0.8333  2.5000000   0.0000000   
     7     4 0.00000 1.00000 1.0000  3.0000000   0.0000000   
 ~~~~~~~~~~~exchange:        24000 , ind:           4 ~~~~~~~~~~~~~~~~~~~~
 rep | node|  up   | down  |  s   | c-chi       x-chi        
     1     4 1.00000 0.00000 0.0000  0.0000000   0.0000000   
     2     5 1.00000 1.00000 0.1667  0.5000000   0.0000000   
     3     6 1.00000 1.00000 0.3333  1.0000000   0.0000000   
     4     7 1.00000 1.00000 0.5000  1.5000000   0.0000000   
     5     1 1.00000 1.00000 0.6667  2.0000000   0.0000000   
     6     2 1.00000 1.00000 0.8333  2.5000000   0.0000000   
     7     3 0.00000 1.00000 1.0000  3.0000000   0.0000000   
 ~~~~~~~~~~~exchange:        24001 , ind:           5 ~~~~~~~~~~~~~~~~~~~~
 rep | node|  up   | down  |  s   | c-chi       x-chi        
     1     4 0.00000 0.00000 0.0000  0.0000000  18312.6013   
     2     5 0.00000 0.00000 0.1667  0.5000000  17036.8441   
     3     6 0.00000 0.00000 0.3333  1.0000000  13087.1040   
     4     7 0.00000 0.00000 0.5000  1.5000000  10805.2399   
     5     1 0.00000 0.00000 0.6667  2.0000000  9053.98162   
     6     3 0.00100 0.00000 0.8333  2.5000000  8170.97475   
     7     2 0.00000 0.00100 1.0000  3.0000000  7525.43143   
 ~~~~~~~~~~~exchange:        24001 , ind:           6 ~~~~~~~~~~~~~~~~~~~~
 rep | node|  up   | down  |  s   | c-chi       x-chi        
     1     4 0.00000 0.00000 0.0000  0.0000000  18312.4801   
     2     5 0.00000 0.00000 0.1667  0.5000000  16875.6408   
     3     6 0.00000 0.00000 0.3333  1.0000000  13202.1407   
     4     7 0.00000 0.00000 0.5000  1.5000000  10696.2828   
     5     1 0.00000 0.00000 0.6667  2.0000000  9159.41377   
     6     3 0.00000 0.00000 0.8333  2.5000000  8114.21934   
     7     2 0.00000 0.00000 1.0000  3.0000000  7383.40985   
 ~~~~~~~~~~~exchange:        24001 , ind:           7 ~~~~~~~~~~~~~~~~~~~~
 rep | node|  up   | down  |  s   | c-chi       x-chi        
     1     4 0.00000 0.00000 0.0000  0.0000000  18331.6797   
     2     5 0.00000 0.00000 0.1667  0.5000000  16922.1468   
     3     6 0.00000 0.00000 0.3333  1.0000000  13219.8972   
     4     7 0.00000 0.00000 0.5000  1.5000000  10699.3992   
     5     1 0.00000 0.00000 0.6667  2.0000000  9136.28052   
     6     3 0.00000 0.00000 0.8333  2.5000000  8033.30200   
     7     2 0.00000 0.00000 1.0000  3.0000000  7343.97703   
 ~~~~~~~~~~~exchange:        24001 , ind:           8 ~~~~~~~~~~~~~~~~~~~~
 rep | node|  up   | down  |  s   | c-chi       x-chi        
     1     4 0.00000 0.00000 0.0000  0.0000000  18332.6295   
     2     5 0.00000 0.00000 0.1667  0.5000000  16954.9857   
     3     6 0.00000 0.00000 0.3333  1.0000000  13256.4266   
     4     7 0.00000 0.00000 0.5000  1.5000000  10639.8822   
     5     1 0.00000 0.00000 0.6667  2.0000000  9097.04573   
     6     3 0.00000 0.00000 0.8333  2.5000000  8091.96634   
     7     2 0.00000 0.00000 1.0000  3.0000000  7383.96617   
 ~~~~~~~~~~~exchange:        24001 , ind:           9 ~~~~~~~~~~~~~~~~~~~~
 rep | node|  up   | down  |  s   | c-chi       x-chi        
     1     4 0.00000 0.00000 0.0000  0.0000000  18364.7618   
     2     5 0.00000 0.00000 0.1667  0.5000000  16894.5933   
     3     6 0.00000 0.00000 0.3333  1.0000000  13058.0100   
     4     7 0.00000 0.00000 0.5000  1.5000000  10762.2989   
     5     1 0.00000 0.00000 0.6667  2.0000000  9139.10622   
     6     3 0.00000 0.00000 0.8333  2.5000000  8032.88383   
     7     2 0.00000 0.00000 1.0000  3.0000000  7355.99890   
 ~~~~~~~~~~~exchange:        24001 , ind:          10 ~~~~~~~~~~~~~~~~~~~~
 rep | node|  up   | down  |  s   | c-chi       x-chi        
     1     4 0.00000 0.00000 0.0000  0.0000000  18341.2956   
     2     5 0.00000 0.00000 0.1667  0.5000000  16956.8246   
     3     6 0.00000 0.00000 0.3333  1.0000000  13233.4947   
     4     7 0.00000 0.00000 0.5000  1.5000000  10632.6196   
     5     1 0.00000 0.00000 0.6667  2.0000000  9119.47726   
     6     3 0.00000 0.00000 0.8333  2.5000000  8075.40540   
     7     2 0.00000 0.00000 1.0000  3.0000000  7323.65384   
 ~~~~~~~~~~~exchange:        24001 , ind:          11 ~~~~~~~~~~~~~~~~~~~~
 rep | node|  up   | down  |  s   | c-chi       x-chi        
     1     4 0.00000 0.00000 0.0000  0.0000000  18310.3264   
     2     5 0.00000 0.00000 0.1000  0.3000000  17827.0727   
     3     6 0.00000 0.00000 0.2000  0.6000000  16063.0329   
     4     7 0.00000 0.00000 0.3000  0.9000000  13867.2184   
     5     1 0.00000 0.00000 0.4000  1.2000000  12120.7243   
     6     3 0.00000 0.00000 0.5000  1.5000000  10660.7700   
     7     2 0.00000 0.00000 0.6000  1.8000000  9631.28338   
 ~~~~~~~~~~~exchange:        24001 , ind:          12 ~~~~~~~~~~~~~~~~~~~~
 rep | node|  up   | down  |  s   | c-chi       x-chi        
     1     4 0.00000 0.00000 0.0000  0.0000000  18391.4329   
     2     5 0.00000 0.00000 0.1000  0.3000000  17716.2231   
     3     6 0.00000 0.00000 0.2000  0.6000000  16309.0267   
     4     7 0.00000 0.00000 0.3000  0.9000000  13915.5831   
     5     1 0.00000 0.00000 0.4000  1.2000000  12017.0809   
     6     3 0.00000 0.00000 0.5000  1.5000000  10749.3590   
     7     2 0.00000 0.00000 0.6000  1.8000000  9702.18649   
 ~~~~~~~~~~~exchange:        24001 , ind:          13 ~~~~~~~~~~~~~~~~~~~~
 rep | node|  up   | down  |  s   | c-chi       x-chi        
     1     4 0.00000 0.00000 0.0000  0.0000000  18287.7108   
     2     5 0.00000 0.00000 0.1000  0.3000000  17852.8352   
     3     6 0.00000 0.00000 0.2000  0.6000000  16156.1474   
     4     7 0.00000 0.00000 0.3000  0.9000000  13823.1232   
     5     1 0.00000 0.00000 0.4000  1.2000000  12113.2335   
     6     3 0.00000 0.00000 0.5000  1.5000000  10615.1795   
     7     2 0.00000 0.00000 0.6000  1.8000000  9787.85295   
 ~~~~~~~~~~~exchange:        24001 , ind:          14 ~~~~~~~~~~~~~~~~~~~~
 rep | node|  up   | down  |  s   | c-chi       x-chi        
     1     4 0.00000 0.00000 0.0000  0.0000000  18264.2259   
     2     5 0.00000 0.00000 0.1000  0.3000000  17787.3182   
     3     6 0.00000 0.00000 0.2000  0.6000000  16100.6080   
     4     7 0.00000 0.00000 0.3000  0.9000000  13913.2260   
     5     1 0.00000 0.00000 0.4000  1.2000000  12105.3296   
     6     3 0.00000 0.00000 0.5000  1.5000000  10738.4568   
     7     2 0.00000 0.00000 0.6000  1.8000000  9607.41723   
 ~~~~~~~~~~~exchange:        24001 , ind:          15 ~~~~~~~~~~~~~~~~~~~~
 rep | node|  up   | down  |  s   | c-chi       x-chi        
     1     4 0.00000 0.00000 0.0000  0.0000000  18376.5144   
     2     5 0.00000 0.00000 0.1000  0.3000000  17685.5983   
     3     6 0.00000 0.00000 0.2000  0.6000000  16063.1405   
     4     7 0.00000 0.00000 0.3000  0.9000000  13720.6674   
     5     1 0.00000 0.00000 0.4000  1.2000000  11924.3682   
     6     3 0.00000 0.00000 0.5000  1.5000000  10675.8887   
     7     2 0.00000 0.00000 0.6000  1.8000000  9710.16391   
 ~~~~~~~~~~~exchange:        24001 , ind:          16 ~~~~~~~~~~~~~~~~~~~~
 rep | node|  up   | down  |  s   | c-chi       x-chi        
     1     4 0.00000 0.00000 0.0000  0.0000000  18416.1252   
     2     5 0.00000 0.00000 0.1000  0.3000000  17630.9671   
     3     6 0.00000 0.00000 0.2000  0.6000000  16109.3284   
     4     7 0.00000 0.00000 0.3000  0.9000000  13695.1906   
     5     1 0.00000 0.00000 0.4000  1.2000000  11907.7624   
     6     3 0.00000 0.00000 0.5000  1.5000000  10655.7090   
     7     2 0.00000 0.00000 0.6000  1.8000000  9652.43504   
 ~~~~~~~~~~~exchange:        24001 , ind:          17 ~~~~~~~~~~~~~~~~~~~~
 rep | node|  up   | down  |  s   | c-chi       x-chi        
     1     4 0.00000 0.00000 0.0000  0.0000000  18318.5283   
     2     5 0.00000 0.00000 0.1000  0.3000000  17813.0106   
     3     6 0.00000 0.00000 0.2000  0.6000000  16185.2616   
     4     7 0.00000 0.00000 0.3000  0.9000000  13720.0321   
     5     1 0.00000 0.00000 0.4000  1.2000000  12115.3797   
     6     3 0.00000 0.00000 0.5000  1.5000000  10891.7615   
     7     2 0.00000 0.00000 0.6000  1.8000000  9554.76823   
 ~~~~~~~~~~~exchange:        24001 , ind:          18 ~~~~~~~~~~~~~~~~~~~~
 rep | node|  up   | down  |  s   | c-chi       x-chi        
     1     4 0.00000 0.00000 0.0000  0.0000000  18326.6044   
     2     5 0.00000 0.00000 0.1000  0.3000000  17698.2717   
     3     6 0.00000 0.00000 0.2000  0.6000000  16087.8713   
     4     7 0.00000 0.00000 0.3000  0.9000000  13801.8652   
     5     1 0.00000 0.00000 0.4000  1.2000000  12008.2383   
     6     3 0.00000 0.00000 0.5000  1.5000000  10785.6686   
     7     2 0.00000 0.00000 0.6000  1.8000000  9698.31498   
