 IND | id | EBend  | EParll | EShear | ECoupl | E Kap  | E Chi  | EField | EBind  |   M    | Couple |  Chi   |  mu    |  Kap   | Field  |
    1    4  77979.7  38444.3  76564.8      0.0      0.0      0.0      0.0   5917.7      0.0   0.0000   0.0000   0.0000   0.0000   0.0000
    2    6  78439.8  39236.9  76758.8      0.0      0.0      0.0      0.0   6235.9      0.0   0.0000   0.0000   0.0000   0.0000   0.0000
    3    1  78188.9  38822.0  76489.9      0.0      0.0      0.0      0.0   6131.9      0.0   0.0000   0.0000   0.0000   0.0000   0.0000
    4    3  77838.1  38971.7  76387.4      0.0      0.0      0.0      0.0   6157.9      0.0   0.0000   0.0000   0.0000   0.0000   0.0000
    5    5  78205.2  39239.1  76765.9      0.0      0.0      0.0      0.0   5960.5      0.0   0.0000   0.0000   0.0000   0.0000   0.0000
    6    7  78342.9  39248.4  77146.8      0.0      0.0      0.0      0.0   6118.1      0.0   0.0000   0.0000   0.0000   0.0000   0.0000
    7    2  78519.6  39185.4  77376.8      0.0      0.0      0.0      0.0   5888.6      0.0   0.0000   0.0000   0.0000   0.0000   0.0000
    8    4  77967.1  39318.9  76620.3      0.0      0.0      0.0      0.0   5917.7      0.0   0.0000   0.0000   0.0000   0.0000   0.0000
    9    6  77845.7  39085.4  76484.1      0.0      0.0      0.0      0.0   6235.9      0.0   0.0000   0.0000   0.0000   0.0000   0.0000
   10    1  78127.5  39133.9  76953.4      0.0      0.0      0.0      0.0   6131.9      0.0   0.0000   0.0000   0.0000  20.0000   0.0000
   11    3  77898.2  38805.1  76658.1      0.0   3844.0      0.0      0.0   6157.9      0.0   0.0000   0.0000   0.0000  20.0000   0.0000
   12    5  78350.1  39380.3  76723.1      0.0   3708.2      0.0      0.0   5960.5      0.0   0.0000   0.0000   0.0000  20.0000   0.0000
   13    7  78347.0  38981.7  76289.8      0.0   3767.7      0.0      0.0   6118.1      0.0   0.0000   0.0000   0.0000  20.0000   0.0000
   14    2  78087.4  38826.4  76615.0      0.0   3858.2      0.0      0.0   5888.6      0.0   0.0000   0.0000   0.0000  20.0000   0.0000
   15    7  78671.1  38984.2  77208.9      0.0   3815.4   1232.9      0.0   6118.1      0.0   0.0000   0.0676   0.0000  20.0000   0.0000
   16    4  78440.1  39342.8  76906.6      0.0   3763.4   1188.0      0.0   5917.7      0.0   0.0000   0.0648   0.0000  20.0000   0.0000
   17    2  78706.1  38979.2  76876.8      0.0   3872.4   1225.3      0.0   5888.6      0.0   0.0000   0.0672   0.0000  20.0000   0.0000
   18    2  78047.5  38998.9  76765.8      0.0   3737.6   1183.0      0.0   5888.6      0.0   0.0000   0.0646   0.0000  20.0000   0.0000
   19    7  78096.7  39036.1  77073.1      0.0   3877.2   1225.5      0.0   6118.1      0.0   0.0000   0.0670   0.0000  20.0000   0.0000
   20    7  78186.0  39166.0  76959.9      0.0   3740.1   1227.0      0.0   6118.1      0.0   0.0000   0.0670   0.0000  20.0000   0.0000
   21    7  78602.5  38895.6  76940.4      0.0   3791.2   1220.4      0.0   6118.1      0.0   0.0000   0.0668   0.0000  20.0000   0.0000
   22    4  78217.0  38907.4  76946.9      0.0   3747.9   1265.7      0.0   5917.7      0.0   0.0000   0.0695   0.0000  20.0000   0.0000
   23    4  78367.2  38708.0  76458.2      0.0   3777.9   1217.9      0.0   5917.7      0.0   0.0000   0.0667   0.0000  20.0000   0.0000
   24    2  78348.0  39237.9  76934.2      0.0   3765.0   1213.3      0.0   5888.6      0.0   0.0000   0.0667   0.0000  20.0000   0.0000
   25    5  78358.4  38424.8  76469.3      0.0   3709.9   1221.1      0.0   5960.5      0.0   0.0000   0.0667   0.0000  20.0000   0.0000
   26    7  78528.9  39112.9  76393.6      0.0   3685.1   1215.2      0.0   6118.1      0.0   0.0000   0.0667   0.0000  20.0000   0.0000
   27    4  78348.1  39224.0  77030.9      0.0   3792.2   1216.2      0.0   5917.7      0.0   0.0000   0.0667   0.0000  20.0000   0.0000
   28    6  78030.8  38780.0  76604.7      0.0   3810.7   1220.1      0.0   6235.9      0.0   0.0000   0.0667   0.0000  20.0000   0.0000
   29    5  78828.0  38916.5  76777.8      0.0   3773.5   1217.0      0.0   5960.5      0.0   0.0000   0.0667   0.0000  20.0000   0.0000
   30    4  78573.6  38963.5  76375.5      0.0   3813.5   1214.2      0.0   5917.7      0.0   0.0000   0.0667   0.0000  20.0000   0.0000
   31    7  78122.9  39068.9  76814.9      0.0   3762.6   1217.0      0.0   6118.1      0.0   0.0000   0.0667   0.0000  20.0000   0.0000
   32    1  78019.9  38900.9  77037.2      0.0   3736.1   1214.0      0.0   6131.9      0.0   0.0000   0.0667   0.0000  20.0000   0.0000
   33    4  78402.6  38861.5  76866.2      0.0   3683.4   1215.9      0.0   5917.7      0.0   0.0000   0.0667   0.0000  20.0000   0.0000
   34    6  78436.0  38994.4  76767.3      0.0   3813.8   1221.8      0.0   6235.9      0.0   0.0000   0.0667   0.0000  20.0000   0.0000
   35    2  78532.3  38672.6  76475.0      0.0   3893.0   1220.4      0.0   5888.6      0.0   0.0000   0.0667   0.0000  20.0000   0.0000
   36    5  78399.1  38912.1  76576.3      0.0   3790.5   1217.3      0.0   5960.5      0.0   0.0000   0.0667   0.0000  20.0000   0.0000
   37    3  78197.4  38936.6  76943.6      0.0   3801.6   1215.8      0.0   6157.9      0.0   0.0000   0.0667   0.0000  20.0000   0.0000
   38    4  78759.9  38529.5  76757.5      0.0   3773.6   1216.8      0.0   5917.7      0.0   0.0000   0.0667   0.0000  20.0000   0.0000
   39    3  78081.8  39278.3  76522.8      0.0   3703.1   1222.6      0.0   6157.9      0.0   0.0000   0.0667   0.0000  20.0000   0.0000
   40    3  78846.5  39182.0  76383.5      0.0   3814.7   1218.2      0.0   6157.9      0.0   0.0000   0.0667   0.0000  20.0000   0.0000
   41    6  78369.2  39083.3  76886.9      0.0   3735.3   1215.5      0.0   6235.9      0.0   0.0000   0.0667   0.0000  20.0000   0.0000
   42    2  77588.5  39386.3  77025.7      0.0   3733.9   1216.8      0.0   5888.6      0.0   0.0000   0.0667   0.0000  20.0000   0.0000
   43    5  78039.7  38527.7  76577.9      0.0   3818.4   1215.8      0.0   5960.5      0.0   0.0000   0.0667   0.0000  20.0000   0.0000
   44    2  78715.9  38685.4  76919.1      0.0   3908.4   1217.0      0.0   5888.6      0.0   0.0000   0.0667   0.0000  20.0000   0.0000
   45    5  78520.3  38869.6  76980.9      0.0   3759.6   1221.7      0.0   5960.5      0.0   0.0000   0.0667   0.0000  20.0000   0.0000
   46    4  78375.3  39254.0  76454.6      0.0   3741.3   1220.2      0.0   5917.7      0.0   0.0000   0.0667   0.0000  20.0000   0.0000
   47    1  78394.2  38941.3  77126.1      0.0   3868.6   1218.6      0.0   6131.9      0.0   0.0000   0.0667   0.0000  20.0000   0.0000
   48    6  78281.7  38994.5  76958.3      0.0   3827.5   1216.4      0.0   6235.9      0.0   0.0000   0.0667   0.0000  20.0000   0.0000
   49    3  78062.3  38486.1  76633.9      0.0   3766.8   1219.5      0.0   6157.9      0.0   0.0000   0.0667   0.0000  20.0000   0.0000
   50    6  78510.0  38907.7  77239.8      0.0   3782.3   1217.3      0.0   6235.9      0.0   0.0000   0.0667   0.0000  20.0000   0.0000
   51    3  78739.1  39255.2  76968.1      0.0   3873.7   1220.2      0.0   6157.9      0.0   0.0000   0.0667   0.0000  20.0000   0.0000
   52    2  77905.3  38804.7  76927.6      0.0   3832.0   1220.6      0.0   5888.6      0.0   0.0000   0.0667   0.0000  20.0000   0.0000
   53    3  77958.9  39102.1  76681.5      0.0   3835.1   1222.1      0.0   6157.9      0.0   0.0000   0.0667   0.0000  20.0000   0.0000
   54    1  78474.5  39191.3  77107.5      0.0   3706.1   1219.4      0.0   6131.9      0.0   0.0000   0.0667   0.0000  20.0000   0.0000
   55    3  78231.2  38838.2  76665.3      0.0   3918.7   1221.2      0.0   6157.9      0.0   0.0000   0.0667   0.0000  20.0000   0.0000
   56    1  78709.1  39040.9  76773.2      0.0   3741.1   1220.8      0.0   6131.9      0.0   0.0000   0.0667   0.0000  20.0000   0.0000
   57    5  78619.7  38915.0  76848.8      0.0   3720.3   1216.9      0.0   5960.5      0.0   0.0000   0.0667   0.0000  20.0000   0.0000
   58    4  78524.8  39083.7  77090.7      0.0   3760.7   1219.5      0.0   5917.7      0.0   0.0000   0.0667   0.0000  20.0000   0.0000
   59    5  78030.1  38538.5  76670.7      0.0   3850.4   1219.3      0.0   5960.5      0.0   0.0000   0.0667   0.0000  20.0000   0.0000
   60    4  78831.0  39048.0  77045.7      0.0   3740.8   1220.9      0.0   5917.7      0.0   0.0000   0.0667   0.0000  20.0000   0.0000
   61    3  78165.0  39087.8  76750.5      0.0   3801.2   1215.7      0.0   6157.9      0.0   0.0000   0.0667   0.0000  20.0000   0.0000
   62    1  78035.9  39091.8  77498.1      0.0   3728.2   1223.2      0.0   6131.9      0.0   0.0000   0.0667   0.0000  20.0000   0.0000
   63    5  78482.5  38934.0  76599.6      0.0   3753.2   1215.6      0.0   5960.5      0.0   0.0000   0.0667   0.0000  20.0000   0.0000
   64    5  78258.5  38934.1  76987.2      0.0   3709.1   1213.9      0.0   5960.5      0.0   0.0000   0.0667   0.0000  20.0000   0.0000
   65    3  78266.9  38858.6  76725.6      0.0   3716.9   1217.5      0.0   6157.9      0.0   0.0000   0.0667   0.0000  20.0000   0.0000
   66    2  78554.0  39125.5  77076.8      0.0   3728.9   1217.6      0.0   5888.6      0.0   0.0000   0.0667   0.0000  20.0000   0.0000
   67    4  78537.2  39076.9  76287.9      0.0   3880.1   1218.1      0.0   5917.7      0.0   0.0000   0.0667   0.0000  20.0000   0.0000
   68    7  77883.7  38804.3  76594.4      0.0   3762.6   1221.0      0.0   6118.1      0.0   0.0000   0.0667   0.0000  20.0000   0.0000
   69    7  78219.7  39162.5  76963.6      0.0   3805.9   1216.4      0.0   6118.1      0.0   0.0000   0.0667   0.0000  20.0000   0.0000
   70    5  78570.4  39054.6  76819.2      0.0   3752.5   1216.8      0.0   5960.5      0.0   0.0000   0.0667   0.0000  20.0000   0.0000
   71    5  78126.3  39084.1  76941.8      0.0   3821.5   1220.9      0.0   5960.5      0.0   0.0000   0.0667   0.0000  20.0000   0.0000
   72    7  77965.9  39061.5  76661.5      0.0   3783.2   1221.6      0.0   6118.1      0.0   0.0000   0.0667   0.0000  20.0000   0.0000
   73    3  77980.1  39082.4  76451.9      0.0   3697.8   1215.2      0.0   6157.9      0.0   0.0000   0.0667   0.0000  20.0000   0.0000
   74    4  78208.2  38878.7  76902.6      0.0   3772.0   1221.2      0.0   5917.7      0.0   0.0000   0.0667   0.0000  20.0000   0.0000
   75    3  77958.8  38982.9  76767.6      0.0   3772.8   1223.7      0.0   6157.9      0.0   0.0000   0.0667   0.0000  20.0000   0.0000
   76    4  78426.8  39164.4  76779.1      0.0   3790.4   1217.4      0.0   5917.7      0.0   0.0000   0.0667   0.0000  20.0000   0.0000
   77    1  78010.4  38997.1  76438.6      0.0   3774.9   1219.1      0.0   6131.9      0.0   0.0000   0.0667   0.0000  20.0000   0.0000
   78    6  78377.8  39101.4  77003.8      0.0   3727.8   1220.0      0.0   6235.9      0.0   0.0000   0.0667   0.0000  20.0000   0.0000
   79    1  78442.2  38712.1  76520.4      0.0   3727.4   1219.7      0.0   6131.9      0.0   0.0000   0.0667   0.0000  20.0000   0.0000
   80    4  78336.0  38911.6  76354.8      0.0   3767.5   1219.2      0.0   5917.7      0.0   0.0000   0.0667   0.0000  20.0000   0.0000
   81    7  78280.0  39224.4  76860.3      0.0   3927.7   1221.5      0.0   6118.1      0.0   0.0000   0.0667   0.0000  20.0000   0.0000
   82    4  78066.8  39265.5  76876.3      0.0   3769.1   1223.3      0.0   5917.7      0.0   0.0000   0.0667   0.0000  20.0000   0.0000
   83    6  78177.8  38854.1  76566.8      0.0   3771.7   1219.9      0.0   6235.9      0.0   0.0000   0.0667   0.0000  20.0000   0.0000
   84    4  78479.4  38810.9  77043.0      0.0   3767.7   1218.6      0.0   5917.7      0.0   0.0000   0.0667   0.0000  20.0000   0.0000
   85    1  78383.5  39152.8  77251.5      0.0   3829.0   1219.2      0.0   6131.9      0.0   0.0000   0.0667   0.0000  20.0000   0.0000
   86    6  78011.1  39289.1  76474.8      0.0   3755.0   1217.9      0.0   6235.9      0.0   0.0000   0.0667   0.0000  20.0000   0.0000
   87    3  78375.6  38775.9  76448.9      0.0   3805.2   1219.1      0.0   6157.9      0.0   0.0000   0.0667   0.0000  20.0000   0.0000
   88    5  78528.2  39182.8  76672.8      0.0   3783.6   1221.5      0.0   5960.5      0.0   0.0000   0.0667   0.0000  20.0000   0.0000
   89    2  78325.3  38936.2  76842.5      0.0   3802.5   1214.3      0.0   5888.6      0.0   0.0000   0.0667   0.0000  20.0000   0.0000
   90    2  78111.6  39167.0  76605.4      0.0   3657.3   1220.3      0.0   5888.6      0.0   0.0000   0.0667   0.0000  20.0000   0.0000
   91    3  78539.0  39088.5  76571.6      0.0   3670.3   1218.9      0.0   6157.9      0.0   0.0000   0.0667   0.0000  20.0000   0.0000
   92    2  78159.6  39526.1  76583.6      0.0   3736.2   1219.7      0.0   5888.6      0.0   0.0000   0.0667   0.0000  20.0000   0.0000
   93    3  77984.2  38597.2  76474.5      0.0   3743.4   1208.4      0.0   6157.9      0.0   0.0000   0.0667   0.0000  20.0000   0.0000
   94    2  78595.1  39059.9  76794.0      0.0   3776.8   1219.0      0.0   5888.6      0.0   0.0000   0.0667   0.0000  20.0000   0.0000
   95    4  78280.6  39067.3  76861.2      0.0   3805.1   1218.5      0.0   5917.7      0.0   0.0000   0.0667   0.0000  20.0000   0.0000
   96    7  78214.7  39045.6  76991.7      0.0   3677.6   1216.4      0.0   6118.1      0.0   0.0000   0.0667   0.0000  20.0000   0.0000
   97    7  78178.9  38908.6  76870.0      0.0   3761.3   1220.4      0.0   6118.1      0.0   0.0000   0.0667   0.0000  20.0000   0.0000
   98    5  78414.3  39060.7  76744.9      0.0   3799.5   1217.0      0.0   5960.5      0.0   0.0000   0.0667   0.0000  20.0000   0.0000
   99    7  78310.9  38782.2  76802.0      0.0   3800.9   1218.4      0.0   6118.1      0.0   0.0000   0.0667   0.0000  20.0000   0.0000
  100    2  78456.4  39393.3  76424.1      0.0   3887.5   1214.7      0.0   5888.6      0.0   0.0000   0.0667   0.0000  20.0000   0.0000
  101    3  78054.4  39047.8  76644.1      0.0   3872.6   1216.4      0.0   6157.9      0.0   0.0000   0.0667   0.0000  20.0000   0.0000
  102    1  78164.3  39095.9  77232.1      0.0   3877.4   1220.0      0.0   6131.9      0.0   0.0000   0.0667   0.0000  20.0000   0.0000
  103    2  78576.6  38835.8  76008.4      0.0   3801.2   1219.5      0.0   5888.6      0.0   0.0000   0.0667   0.0000  20.0000   0.0000
  104    3  78048.5  39345.7  76898.8      0.0   3783.4   1218.7      0.0   6157.9      0.0   0.0000   0.0667   0.0000  20.0000   0.0000
  105    1  78254.0  39471.3  77038.4      0.0   3778.6   1222.5      0.0   6131.9      0.0   0.0000   0.0667   0.0000  20.0000   0.0000
  106    5  78071.1  39012.0  76999.3      0.0   3849.9   1223.6      0.0   5960.5      0.0   0.0000   0.0667   0.0000  20.0000   0.0000
  107    2  78367.3  38934.5  76309.6      0.0   3744.9   1218.0      0.0   5888.6      0.0   0.0000   0.0667   0.0000  20.0000   0.0000
  108    3  78841.1  38938.3  76991.8      0.0   3688.7   1218.1      0.0   6157.9      0.0   0.0000   0.0667   0.0000  20.0000   0.0000
  109    3  78521.1  38494.5  76970.0      0.0   3772.6   1220.6      0.0   6157.9      0.0   0.0000   0.0667   0.0000  20.0000   0.0000
  110    4  77860.2  39183.0  76694.8      0.0   3752.2   1216.8      0.0   5917.7      0.0   0.0000   0.0667   0.0000  20.0000   0.0000
  111    1  78257.0  39226.6  76396.0      0.0   3783.2   1225.2      0.0   6131.9      0.0   0.0000   0.0667   0.0000  20.0000   0.0000
  112    3  78134.4  38836.5  76967.8      0.0   3756.8   1219.2      0.0   6157.9      0.0   0.0000   0.0667   0.0000  20.0000   0.0000
  113    7  78311.9  39135.5  76713.0      0.0   3754.9   1216.8      0.0   6118.1      0.0   0.0000   0.0667   0.0000  20.0000   0.0000
  114    4  78236.6  39241.2  77300.5      0.0   3806.4   1217.2      0.0   5917.7      0.0   0.0000   0.0667   0.0000  20.0000   0.0000
  115    5  78547.9  38931.4  76665.8      0.0   3831.4   1218.0      0.0   5960.5      0.0   0.0000   0.0667   0.0000  20.0000   0.0000
  116    5  77919.5  39199.9  76206.1      0.0   3752.7   1218.1      0.0   5960.5      0.0   0.0000   0.0667   0.0000  20.0000   0.0000
  117    6  78438.9  39178.4  76873.6      0.0   3748.4   1219.1      0.0   6235.9      0.0   0.0000   0.0667   0.0000  20.0000   0.0000
  118    3  78398.7  39221.1  76333.3      0.0   3742.3   1217.7      0.0   6157.9      0.0   0.0000   0.0667   0.0000  20.0000   0.0000
  119    3  78110.2  38882.1  76546.0      0.0   3875.6   1220.0      0.0   6157.9      0.0   0.0000   0.0667   0.0000  20.0000   0.0000
  120    3  78102.0  39066.4  77224.9      0.0   3773.8   1215.2      0.0   6157.9      0.0   0.0000   0.0667   0.0000  20.0000   0.0000
  121    1  78163.9  38816.4  77079.1      0.0   3802.8   1221.7      0.0   6131.9      0.0   0.0000   0.0667   0.0000  20.0000   0.0000
  122    2  78218.2  38955.4  77018.6      0.0   3777.7   1216.9      0.0   5888.6      0.0   0.0000   0.0667   0.0000  20.0000   0.0000
  123    1  78141.2  39074.1  76528.1      0.0   3883.6   1219.8      0.0   6131.9      0.0   0.0000   0.0667   0.0000  20.0000   0.0000
  124    7  78218.5  38885.5  76213.3      0.0   3820.4   1214.2      0.0   6118.1      0.0   0.0000   0.0667   0.0000  20.0000   0.0000
  125    5  78617.9  39475.1  76606.9      0.0   3775.1   1218.9      0.0   5960.5      0.0   0.0000   0.0667   0.0000  20.0000   0.0000
  126    4  78364.8  38699.3  76613.8      0.0   3711.8   1217.4      0.0   5917.7      0.0   0.0000   0.0667   0.0000  20.0000   0.0000
  127    4  78171.3  38779.1  76741.7      0.0   3778.6   1218.2      0.0   5917.7      0.0   0.0000   0.0667   0.0000  20.0000   0.0000
  128    7  78492.9  39001.3  76593.7      0.0   3731.6   1219.6      0.0   6118.1      0.0   0.0000   0.0667   0.0000  20.0000   0.0000
  129    6  78294.2  39110.8  76654.6      0.0   3873.6   1219.5      0.0   6235.9      0.0   0.0000   0.0667   0.0000  20.0000   0.0000
  130    1  78115.8  39012.2  76868.6      0.0   3926.4   1217.2      0.0   6131.9      0.0   0.0000   0.0667   0.0000  20.0000   0.0000
  131    1  78089.4  38989.4  77034.4      0.0   3796.8   1220.3      0.0   6131.9      0.0   0.0000   0.0667   0.0000  20.0000   0.0000
  132    7  78257.9  39121.1  76679.1      0.0   3833.9   1216.9      0.0   6118.1      0.0   0.0000   0.0667   0.0000  20.0000   0.0000
  133    4  78756.0  38954.0  76386.8      0.0   3839.1   1217.2      0.0   5917.7      0.0   0.0000   0.0667   0.0000  20.0000   0.0000
  134    2  78015.0  38710.3  76897.9      0.0   3760.0   1220.3      0.0   5888.6      0.0   0.0000   0.0667   0.0000  20.0000   0.0000
  135    3  78312.9  39089.3  76880.8      0.0   3760.4   1218.9      0.0   6157.9      0.0   0.0000   0.0667   0.0000  20.0000   0.0000
  136    7  77751.7  39358.2  76990.7      0.0   3719.6   1214.4      0.0   6118.1      0.0   0.0000   0.0667   0.0000  20.0000   0.0000
  137    2  78288.5  39005.1  76886.4      0.0   3859.9   1222.7      0.0   5888.6      0.0   0.0000   0.0667   0.0000  20.0000   0.0000
  138    7  78540.5  39231.2  76763.8      0.0   3712.0   1217.2      0.0   6118.1      0.0   0.0000   0.0667   0.0000  20.0000   0.0000
  139    5  78639.2  38834.9  76306.0      0.0   3855.5   1221.2      0.0   5960.5      0.0   0.0000   0.0667   0.0000  20.0000   0.0000
  140    2  78204.2  39095.5  76798.0      0.0   3810.1   1216.4      0.0   5888.6      0.0   0.0000   0.0667   0.0000  20.0000   0.0000
  141    6  78222.7  39218.8  77174.2      0.0   3742.9   1215.4      0.0   6235.9      0.0   0.0000   0.0667   0.0000  20.0000   0.0000
  142    4  77957.2  39307.3  76459.0      0.0   3807.4   1216.9      0.0   5917.7      0.0   0.0000   0.0667   0.0000  20.0000   0.0000
  143    5  78008.1  38778.8  76846.3      0.0   3832.3   1216.3      0.0   5960.5      0.0   0.0000   0.0667   0.0000  20.0000   0.0000
  144    3  78152.6  39260.1  76538.2      0.0   3774.0   1223.4      0.0   6157.9      0.0   0.0000   0.0667   0.0000  20.0000   0.0000
  145    6  78590.4  38841.7  76781.8      0.0   3785.2   1223.4      0.0   6235.9      0.0   0.0000   0.0667   0.0000  20.0000   0.0000
  146    4  78134.1  38669.7  76309.5      0.0   3741.5   1220.2      0.0   5917.7      0.0   0.0000   0.0667   0.0000  20.0000   0.0000
  147    4  78501.5  39125.2  76619.2      0.0   3760.2   1224.0      0.0   5917.7      0.0   0.0000   0.0667   0.0000  20.0000   0.0000
  148    3  78695.7  38809.4  76598.9      0.0   3820.6   1220.6      0.0   6157.9      0.0   0.0000   0.0667   0.0000  20.0000   0.0000
  149    3  78615.7  39068.3  76771.2      0.0   3837.5   1221.3      0.0   6157.9      0.0   0.0000   0.0667   0.0000  20.0000   0.0000
  150    5  78445.1  38982.5  76823.7      0.0   3778.6   1216.6      0.0   5960.5      0.0   0.0000   0.0667   0.0000  20.0000   0.0000
  151    7  78413.8  38718.6  76714.0      0.0   3865.9   1218.9      0.0   6118.1      0.0   0.0000   0.0667   0.0000  20.0000   0.0000
  152    2  77950.5  38951.0  77004.3      0.0   3826.4   1219.1      0.0   5888.6      0.0   0.0000   0.0667   0.0000  20.0000   0.0000
  153    5  78646.8  38954.6  76889.5      0.0   3724.5   1214.1      0.0   5960.5      0.0   0.0000   0.0667   0.0000  20.0000   0.0000
  154    3  78792.5  38842.7  76956.0      0.0   3763.9   1220.0      0.0   6157.9      0.0   0.0000   0.0667   0.0000  20.0000   0.0000
