 IND | id | EBend  | EParll | EShear | ECoupl | E Kap  | E Chi  | EField | EBind  |   M    | Couple |  Chi   |  mu    |  Kap   | Field  |
    1    2  77900.1  39002.5  76870.3      0.0      0.0      0.0      0.0   5888.6      0.0   0.0000   0.0000   0.0000   0.0000   0.0000
    2    4  78592.3  38870.6  76783.2      0.0      0.0      0.0      0.0   5917.7      0.0   0.0000   0.0000   0.0000   0.0000   0.0000
    3    6  78056.3  39293.3  76506.1      0.0      0.0      0.0      0.0   6235.9      0.0   0.0000   0.0000   0.0000   0.0000   0.0000
    4    1  78013.6  39034.2  76444.3      0.0      0.0      0.0      0.0   6131.9      0.0   0.0000   0.0000   0.0000   0.0000   0.0000
    5    3  78562.9  38822.6  76888.2      0.0      0.0      0.0      0.0   6157.9      0.0   0.0000   0.0000   0.0000   0.0000   0.0000
    6    5  78250.6  38796.8  76706.6      0.0      0.0      0.0      0.0   5960.5      0.0   0.0000   0.0000   0.0000   0.0000   0.0000
    7    7  78275.4  38908.7  76355.6      0.0      0.0      0.0      0.0   6118.1      0.0   0.0000   0.0000   0.0000   0.0000   0.0000
    8    2  77929.9  39169.4  76525.3      0.0      0.0      0.0      0.0   5888.6      0.0   0.0000   0.0000   0.0000   0.0000   0.0000
    9    4  78521.0  38922.4  76851.2      0.0      0.0      0.0      0.0   5917.7      0.0   0.0000   0.0000   0.0000   0.0000   0.0000
   10    6  78349.2  38696.2  76424.6      0.0      0.0      0.0      0.0   6235.9      0.0   0.0000   0.0000   0.0000  20.0000   0.0000
   11    1  78120.1  39127.0  77061.2      0.0   3741.6      0.0      0.0   6131.9      0.0   0.0000   0.0000   0.0000  20.0000   0.0000
   12    3  78151.2  39413.5  76638.7      0.0   3850.9      0.0      0.0   6157.9      0.0   0.0000   0.0000   0.0000  20.0000   0.0000
   13    5  78523.9  38779.7  77260.6      0.0   3834.9      0.0      0.0   5960.5      0.0   0.0000   0.0000   0.0000  20.0000   0.0000
   14    7  78677.6  39095.3  76130.6      0.0   3823.9      0.0      0.0   6118.1      0.0   0.0000   0.0000   0.0000  20.0000   0.0000
   15    6  78364.2  39087.4  76789.8      0.0   3738.7   5213.5      0.0   6235.9      0.0   0.0000   0.2927   0.0000  20.0000   0.0000
   16    2  78574.1  39019.2  76710.9      0.0   3806.5   5140.0      0.0   5888.6      0.0   0.0000   0.2873   0.0000  20.0000   0.0000
   17    7  77980.3  38720.4  77105.9      0.0   3745.8   5130.8      0.0   6118.1      0.0   0.0000   0.2883   0.0000  20.0000   0.0000
   18    3  78031.4  38924.8  76792.3      0.0   3684.9   5196.7      0.0   6157.9      0.0   0.0000   0.2915   0.0000  20.0000   0.0000
   19    2  77835.0  38987.8  76610.5      0.0   3769.8   5184.5      0.0   5888.6      0.0   0.0000   0.2904   0.0000  20.0000   0.0000
   20    2  78241.5  38779.4  77098.1      0.0   3734.7   5119.1      0.0   5888.6      0.0   0.0000   0.2874   0.0000  20.0000   0.0000
   21    5  78644.7  38904.4  77002.8      0.0   3861.7   5199.3      0.0   5960.5      0.0   0.0000   0.2925   0.0000  20.0000   0.0000
   22    6  77949.7  39177.1  77532.1      0.0   3696.0   5210.5      0.0   6235.9      0.0   0.0000   0.2920   0.0000  20.0000   0.0000
   23    7  78169.3  38701.6  77654.1      0.0   3788.9   5247.8      0.0   6118.1      0.0   0.0000   0.2927   0.0000  20.0000   0.0000
   24    4  78098.1  38912.3  76821.3      0.0   3743.7   5119.7      0.0   5917.7      0.0   0.0000   0.2872   0.0000  20.0000   0.0000
   25    7  78273.0  38897.8  76729.8      0.0   3756.2   5105.4      0.0   6118.1      0.0   0.0000   0.2872   0.0000  20.0000   0.0000
   26    6  78358.3  39239.0  76629.6      0.0   3689.3   5138.0      0.0   6235.9      0.0   0.0000   0.2872   0.0000  20.0000   0.0000
   27    2  78551.1  39307.8  76700.0      0.0   3751.0   5127.3      0.0   5888.6      0.0   0.0000   0.2872   0.0000  20.0000   0.0000
   28    4  78332.9  39357.4  76657.4      0.0   3775.4   5126.4      0.0   5917.7      0.0   0.0000   0.2872   0.0000  20.0000   0.0000
   29    1  78351.3  38542.7  76295.8      0.0   3722.3   5122.4      0.0   6131.9      0.0   0.0000   0.2872   0.0000  20.0000   0.0000
   30    3  78113.5  39192.8  76813.8      0.0   3847.9   5129.4      0.0   6157.9      0.0   0.0000   0.2872   0.0000  20.0000   0.0000
   31    2  78752.0  38808.5  76275.2      0.0   3816.1   5122.7      0.0   5888.6      0.0   0.0000   0.2872   0.0000  20.0000   0.0000
   32    5  78335.7  39127.1  76598.2      0.0   3772.7   5116.5      0.0   5960.5      0.0   0.0000   0.2872   0.0000  20.0000   0.0000
   33    7  78216.0  39117.3  76860.4      0.0   3891.1   5125.7      0.0   6118.1      0.0   0.0000   0.2872   0.0000  20.0000   0.0000
   34    4  78647.3  38572.2  77245.5      0.0   3751.6   5124.8      0.0   5917.7      0.0   0.0000   0.2872   0.0000  20.0000   0.0000
   35    1  78208.8  38969.1  76919.2      0.0   3751.5   5094.7      0.0   6131.9      0.0   0.0000   0.2872   0.0000  20.0000   0.0000
   36    3  78486.6  39021.1  76806.1      0.0   3750.0   5116.6      0.0   6157.9      0.0   0.0000   0.2872   0.0000  20.0000   0.0000
   37    1  77805.9  38811.3  77005.0      0.0   3827.5   5118.8      0.0   6131.9      0.0   0.0000   0.2872   0.0000  20.0000   0.0000
   38    5  78203.6  38974.3  76708.9      0.0   3690.1   5124.7      0.0   5960.5      0.0   0.0000   0.2872   0.0000  20.0000   0.0000
   39    6  78166.8  38633.8  77203.4      0.0   3809.4   5136.3      0.0   6235.9      0.0   0.0000   0.2872   0.0000  20.0000   0.0000
   40    2  77607.0  38871.7  76982.7      0.0   3788.1   5120.1      0.0   5888.6      0.0   0.0000   0.2872   0.0000  20.0000   0.0000
   41    7  78926.2  38909.9  77408.4      0.0   3798.0   5107.2      0.0   6118.1      0.0   0.0000   0.2872   0.0000  20.0000   0.0000
   42    1  78161.0  38948.0  76878.1      0.0   3801.9   5122.3      0.0   6131.9      0.0   0.0000   0.2872   0.0000  20.0000   0.0000
   43    2  77944.5  38954.3  76817.4      0.0   3828.8   5134.5      0.0   5888.6      0.0   0.0000   0.2872   0.0000  20.0000   0.0000
   44    6  78368.2  39079.3  76660.3      0.0   3735.8   5127.5      0.0   6235.9      0.0   0.0000   0.2872   0.0000  20.0000   0.0000
   45    3  78067.0  38931.7  76844.1      0.0   3745.0   5134.7      0.0   6157.9      0.0   0.0000   0.2872   0.0000  20.0000   0.0000
   46    6  78232.2  38850.2  76550.5      0.0   3775.2   5099.1      0.0   6235.9      0.0   0.0000   0.2872   0.0000  20.0000   0.0000
   47    3  78680.4  38893.2  76733.0      0.0   3835.0   5134.6      0.0   6157.9      0.0   0.0000   0.2872   0.0000  20.0000   0.0000
   48    5  78020.6  39051.0  76450.5      0.0   3708.8   5120.7      0.0   5960.5      0.0   0.0000   0.2872   0.0000  20.0000   0.0000
   49    2  78312.1  39017.6  77228.5      0.0   3770.0   5120.4      0.0   5888.6      0.0   0.0000   0.2872   0.0000  20.0000   0.0000
   50    5  77898.2  38988.7  76972.9      0.0   3654.5   5147.6      0.0   5960.5      0.0   0.0000   0.2872   0.0000  20.0000   0.0000
   51    2  77571.9  38754.7  77110.3      0.0   3758.4   5129.5      0.0   5888.6      0.0   0.0000   0.2872   0.0000  20.0000   0.0000
   52    5  78448.4  39191.5  76724.6      0.0   3730.6   5138.5      0.0   5960.5      0.0   0.0000   0.2872   0.0000  20.0000   0.0000
   53    6  77952.9  39190.9  76485.8      0.0   3823.5   5115.7      0.0   6235.9      0.0   0.0000   0.2872   0.0000  20.0000   0.0000
   54    4  78682.5  39033.5  76309.5      0.0   3755.9   5120.0      0.0   5917.7      0.0   0.0000   0.2872   0.0000  20.0000   0.0000
   55    5  78164.5  39167.8  76663.5      0.0   3797.0   5133.6      0.0   5960.5      0.0   0.0000   0.2872   0.0000  20.0000   0.0000
   56    2  78376.7  39024.3  76464.9      0.0   3700.8   5139.8      0.0   5888.6      0.0   0.0000   0.2872   0.0000  20.0000   0.0000
   57    4  78622.0  39054.2  76677.8      0.0   3792.2   5132.0      0.0   5917.7      0.0   0.0000   0.2872   0.0000  20.0000   0.0000
   58    5  78220.1  39188.3  76594.0      0.0   3817.1   5154.2      0.0   5960.5      0.0   0.0000   0.2872   0.0000  20.0000   0.0000
   59    3  77882.7  39101.7  77285.0      0.0   3775.7   5118.2      0.0   6157.9      0.0   0.0000   0.2872   0.0000  20.0000   0.0000
   60    2  78506.8  39211.4  77555.7      0.0   3767.3   5137.0      0.0   5888.6      0.0   0.0000   0.2872   0.0000  20.0000   0.0000
   61    1  78079.5  39107.0  77030.6      0.0   3780.8   5132.8      0.0   6131.9      0.0   0.0000   0.2872   0.0000  20.0000   0.0000
   62    2  78264.4  39010.9  76504.5      0.0   3753.6   5110.3      0.0   5888.6      0.0   0.0000   0.2872   0.0000  20.0000   0.0000
   63    4  78193.4  39067.3  76764.6      0.0   3712.8   5106.2      0.0   5917.7      0.0   0.0000   0.2872   0.0000  20.0000   0.0000
   64    3  78455.0  39032.9  76637.8      0.0   3708.2   5122.6      0.0   6157.9      0.0   0.0000   0.2872   0.0000  20.0000   0.0000
   65    2  78320.6  39214.4  76532.2      0.0   3773.9   5152.6      0.0   5888.6      0.0   0.0000   0.2872   0.0000  20.0000   0.0000
   66    1  78077.2  38992.8  76403.4      0.0   3609.0   5123.4      0.0   6131.9      0.0   0.0000   0.2872   0.0000  20.0000   0.0000
   67    1  78369.6  38900.2  76770.5      0.0   3703.5   5099.6      0.0   6131.9      0.0   0.0000   0.2872   0.0000  20.0000   0.0000
   68    3  78264.1  39158.2  76777.7      0.0   3803.8   5126.6      0.0   6157.9      0.0   0.0000   0.2872   0.0000  20.0000   0.0000
   69    6  78167.1  39027.3  77176.9      0.0   3753.1   5149.3      0.0   6235.9      0.0   0.0000   0.2872   0.0000  20.0000   0.0000
   70    3  78438.9  39178.7  76842.9      0.0   3597.4   5118.8      0.0   6157.9      0.0   0.0000   0.2872   0.0000  20.0000   0.0000
   71    7  77876.0  39022.4  76673.8      0.0   3767.5   5129.4      0.0   6118.1      0.0   0.0000   0.2872   0.0000  20.0000   0.0000
   72    2  78318.9  38804.7  76993.9      0.0   3737.2   5123.2      0.0   5888.6      0.0   0.0000   0.2872   0.0000  20.0000   0.0000
   73    7  78295.3  39098.7  76494.6      0.0   3720.7   5134.0      0.0   6118.1      0.0   0.0000   0.2872   0.0000  20.0000   0.0000
   74    3  77963.1  39000.5  76571.0      0.0   3794.3   5115.9      0.0   6157.9      0.0   0.0000   0.2872   0.0000  20.0000   0.0000
   75    6  77770.7  39181.3  76454.3      0.0   3790.7   5124.7      0.0   6235.9      0.0   0.0000   0.2872   0.0000  20.0000   0.0000
   76    6  77902.9  38878.9  76995.4      0.0   3784.3   5135.3      0.0   6235.9      0.0   0.0000   0.2872   0.0000  20.0000   0.0000
   77    3  78211.6  39235.2  76426.8      0.0   3780.5   5100.7      0.0   6157.9      0.0   0.0000   0.2872   0.0000  20.0000   0.0000
   78    5  78008.7  39097.7  76927.1      0.0   3735.8   5123.4      0.0   5960.5      0.0   0.0000   0.2872   0.0000  20.0000   0.0000
   79    7  78175.7  39023.8  76805.1      0.0   3736.3   5116.3      0.0   6118.1      0.0   0.0000   0.2872   0.0000  20.0000   0.0000
   80    2  78458.4  38551.8  76823.3      0.0   3933.7   5110.9      0.0   5888.6      0.0   0.0000   0.2872   0.0000  20.0000   0.0000
   81    5  78119.5  39031.1  76838.7      0.0   3706.4   5128.0      0.0   5960.5      0.0   0.0000   0.2872   0.0000  20.0000   0.0000
   82    6  78188.1  38828.8  76864.7      0.0   3707.3   5108.8      0.0   6235.9      0.0   0.0000   0.2872   0.0000  20.0000   0.0000
   83    1  78405.0  38876.1  77217.3      0.0   3808.9   5132.3      0.0   6131.9      0.0   0.0000   0.2872   0.0000  20.0000   0.0000
   84    2  78387.0  39265.7  76783.4      0.0   3863.5   5086.2      0.0   5888.6      0.0   0.0000   0.2872   0.0000  20.0000   0.0000
   85    6  78642.1  38949.4  76434.1      0.0   3796.4   5107.3      0.0   6235.9      0.0   0.0000   0.2872   0.0000  20.0000   0.0000
   86    1  78124.3  38962.8  76564.0      0.0   3802.5   5131.2      0.0   6131.9      0.0   0.0000   0.2872   0.0000  20.0000   0.0000
   87    1  78354.6  39452.0  76757.6      0.0   3691.0   5128.4      0.0   6131.9      0.0   0.0000   0.2872   0.0000  20.0000   0.0000
   88    1  78564.7  39233.4  76957.9      0.0   3821.8   5121.0      0.0   6131.9      0.0   0.0000   0.2872   0.0000  20.0000   0.0000
   89    5  78400.0  39025.8  76696.5      0.0   3776.5   5139.3      0.0   5960.5      0.0   0.0000   0.2872   0.0000  20.0000   0.0000
   90    6  78225.9  38963.9  77311.2      0.0   3822.5   5114.8      0.0   6235.9      0.0   0.0000   0.2872   0.0000  20.0000   0.0000
   91    7  78276.8  38731.0  76583.0      0.0   3949.3   5131.4      0.0   6118.1      0.0   0.0000   0.2872   0.0000  20.0000   0.0000
   92    4  78501.2  39254.4  76123.3      0.0   3787.3   5136.4      0.0   5917.7      0.0   0.0000   0.2872   0.0000  20.0000   0.0000
   93    2  78609.9  39024.5  77420.0      0.0   3756.1   5097.7      0.0   5888.6      0.0   0.0000   0.2872   0.0000  20.0000   0.0000
   94    1  78202.1  39031.9  76903.4      0.0   3766.5   5141.5      0.0   6131.9      0.0   0.0000   0.2872   0.0000  20.0000   0.0000
   95    2  78373.0  38991.2  76903.1      0.0   3817.6   5124.2      0.0   5888.6      0.0   0.0000   0.2872   0.0000  20.0000   0.0000
   96    5  78645.8  38621.5  77002.8      0.0   3721.1   5162.5      0.0   5960.5      0.0   0.0000   0.2872   0.0000  20.0000   0.0000
   97    4  78512.5  38915.0  76562.5      0.0   3817.0   5131.8      0.0   5917.7      0.0   0.0000   0.2872   0.0000  20.0000   0.0000
   98    3  77849.3  38375.7  76659.1      0.0   3660.4   5137.5      0.0   6157.9      0.0   0.0000   0.2872   0.0000  20.0000   0.0000
   99    5  78241.9  38792.4  76726.5      0.0   3794.0   5135.2      0.0   5960.5      0.0   0.0000   0.2872   0.0000  20.0000   0.0000
  100    6  78361.1  38813.1  76690.9      0.0   3806.6   5121.1      0.0   6235.9      0.0   0.0000   0.2872   0.0000  20.0000   0.0000
  101    5  78777.7  39370.0  77049.4      0.0   3714.7   5149.0      0.0   5960.5      0.0   0.0000   0.2872   0.0000  20.0000   0.0000
  102    2  78504.8  39348.1  76312.7      0.0   3768.0   5140.8      0.0   5888.6      0.0   0.0000   0.2872   0.0000  20.0000   0.0000
  103    1  77847.1  39087.5  76522.7      0.0   3769.2   5134.9      0.0   6131.9      0.0   0.0000   0.2872   0.0000  20.0000   0.0000
  104    2  78066.2  38556.8  77121.3      0.0   3852.7   5133.3      0.0   5888.6      0.0   0.0000   0.2872   0.0000  20.0000   0.0000
  105    5  78561.4  38840.6  76809.8      0.0   3750.8   5138.1      0.0   5960.5      0.0   0.0000   0.2872   0.0000  20.0000   0.0000
  106    4  78424.7  38902.7  76756.2      0.0   3777.2   5126.2      0.0   5917.7      0.0   0.0000   0.2872   0.0000  20.0000   0.0000
  107    6  78836.5  39084.4  76788.8      0.0   3821.0   5129.7      0.0   6235.9      0.0   0.0000   0.2872   0.0000  20.0000   0.0000
  108    5  78499.3  39105.8  77139.5      0.0   3703.4   5115.8      0.0   5960.5      0.0   0.0000   0.2872   0.0000  20.0000   0.0000
  109    4  78290.4  38939.6  76947.4      0.0   3794.0   5131.9      0.0   5917.7      0.0   0.0000   0.2872   0.0000  20.0000   0.0000
  110    7  78139.7  38981.4  76867.0      0.0   3755.5   5121.6      0.0   6118.1      0.0   0.0000   0.2872   0.0000  20.0000   0.0000
  111    4  78182.9  39158.7  77279.5      0.0   3866.8   5110.4      0.0   5917.7      0.0   0.0000   0.2872   0.0000  20.0000   0.0000
  112    1  78146.6  39116.8  76929.7      0.0   3680.1   5123.8      0.0   6131.9      0.0   0.0000   0.2872   0.0000  20.0000   0.0000
  113    4  78187.2  39243.8  76959.3      0.0   3820.0   5117.8      0.0   5917.7      0.0   0.0000   0.2872   0.0000  20.0000   0.0000
  114    1  77654.6  39193.7  76610.7      0.0   3790.8   5153.6      0.0   6131.9      0.0   0.0000   0.2872   0.0000  20.0000   0.0000
  115    4  78216.6  38646.8  76600.9      0.0   3735.3   5141.0      0.0   5917.7      0.0   0.0000   0.2872   0.0000  20.0000   0.0000
  116    1  78622.1  39132.3  76600.5      0.0   3779.4   5132.3      0.0   6131.9      0.0   0.0000   0.2872   0.0000  20.0000   0.0000
  117    7  78053.0  38778.2  76656.3      0.0   3779.1   5114.8      0.0   6118.1      0.0   0.0000   0.2872   0.0000  20.0000   0.0000
  118    1  78924.0  38929.7  77430.6      0.0   3785.4   5129.1      0.0   6131.9      0.0   0.0000   0.2872   0.0000  20.0000   0.0000
  119    6  78102.2  38879.4  77047.7      0.0   3864.0   5129.1      0.0   6235.9      0.0   0.0000   0.2872   0.0000  20.0000   0.0000
  120    1  77654.7  38953.5  76906.6      0.0   3794.9   5114.8      0.0   6131.9      0.0   0.0000   0.2872   0.0000  20.0000   0.0000
  121    2  78184.4  38880.6  77006.9      0.0   3793.9   5131.5      0.0   5888.6      0.0   0.0000   0.2872   0.0000  20.0000   0.0000
  122    1  78182.2  39085.9  76926.8      0.0   3720.3   5113.7      0.0   6131.9      0.0   0.0000   0.2872   0.0000  20.0000   0.0000
  123    4  78710.6  39035.3  76639.3      0.0   3737.8   5107.3      0.0   5917.7      0.0   0.0000   0.2872   0.0000  20.0000   0.0000
  124    2  78577.2  38678.3  76758.6      0.0   3822.5   5137.1      0.0   5888.6      0.0   0.0000   0.2872   0.0000  20.0000   0.0000
  125    2  78347.6  39318.2  76721.9      0.0   3804.1   5132.8      0.0   5888.6      0.0   0.0000   0.2872   0.0000  20.0000   0.0000
  126    3  78243.0  39232.4  77413.4      0.0   3771.3   5146.2      0.0   6157.9      0.0   0.0000   0.2872   0.0000  20.0000   0.0000
  127    3  77923.9  38889.3  76510.8      0.0   3768.9   5109.3      0.0   6157.9      0.0   0.0000   0.2872   0.0000  20.0000   0.0000
  128    2  78018.0  39093.3  76772.8      0.0   3734.3   5114.1      0.0   5888.6      0.0   0.0000   0.2872   0.0000  20.0000   0.0000
  129    4  78099.0  38847.6  76813.9      0.0   3772.4   5129.0      0.0   5917.7      0.0   0.0000   0.2872   0.0000  20.0000   0.0000
  130    5  78211.1  38596.9  76663.8      0.0   3822.1   5115.0      0.0   5960.5      0.0   0.0000   0.2872   0.0000  20.0000   0.0000
  131    5  78129.6  38633.0  76975.4      0.0   3688.4   5103.8      0.0   5960.5      0.0   0.0000   0.2872   0.0000  20.0000   0.0000
  132    3  78719.6  38796.0  77419.5      0.0   3855.2   5139.5      0.0   6157.9      0.0   0.0000   0.2872   0.0000  20.0000   0.0000
  133    6  78283.3  39090.2  76925.6      0.0   3866.0   5114.2      0.0   6235.9      0.0   0.0000   0.2872   0.0000  20.0000   0.0000
  134    3  79011.4  38757.5  76653.2      0.0   3877.1   5144.3      0.0   6157.9      0.0   0.0000   0.2872   0.0000  20.0000   0.0000
  135    7  77856.0  38930.8  76816.2      0.0   3679.8   5131.8      0.0   6118.1      0.0   0.0000   0.2872   0.0000  20.0000   0.0000
  136    5  78915.5  38871.2  77029.2      0.0   3795.2   5133.0      0.0   5960.5      0.0   0.0000   0.2872   0.0000  20.0000   0.0000
  137    5  78335.8  39297.7  77359.3      0.0   3712.8   5122.2      0.0   5960.5      0.0   0.0000   0.2872   0.0000  20.0000   0.0000
  138    5  77827.9  38914.2  77283.0      0.0   3823.6   5132.1      0.0   5960.5      0.0   0.0000   0.2872   0.0000  20.0000   0.0000
  139    6  78362.4  38847.3  76452.1      0.0   3861.6   5101.6      0.0   6235.9      0.0   0.0000   0.2872   0.0000  20.0000   0.0000
  140    1  77849.7  39015.0  76959.9      0.0   3685.6   5142.2      0.0   6131.9      0.0   0.0000   0.2872   0.0000  20.0000   0.0000
  141    2  78345.0  38624.7  76711.1      0.0   3784.8   5135.3      0.0   5888.6      0.0   0.0000   0.2872   0.0000  20.0000   0.0000
  142    7  78035.8  38798.3  76898.0      0.0   3762.0   5135.8      0.0   6118.1      0.0   0.0000   0.2872   0.0000  20.0000   0.0000
  143    7  78072.2  39225.6  76624.3      0.0   3701.2   5134.8      0.0   6118.1      0.0   0.0000   0.2872   0.0000  20.0000   0.0000
  144    1  78347.7  38913.8  76605.9      0.0   3746.0   5111.7      0.0   6131.9      0.0   0.0000   0.2872   0.0000  20.0000   0.0000
  145    5  78282.5  39024.4  77046.3      0.0   3752.1   5132.6      0.0   5960.5      0.0   0.0000   0.2872   0.0000  20.0000   0.0000
  146    3  78450.0  38821.5  76504.4      0.0   3774.1   5132.3      0.0   6157.9      0.0   0.0000   0.2872   0.0000  20.0000   0.0000
  147    7  78574.7  38751.9  76395.1      0.0   3756.3   5126.6      0.0   6118.1      0.0   0.0000   0.2872   0.0000  20.0000   0.0000
  148    1  78444.4  38880.6  76861.4      0.0   3821.7   5099.0      0.0   6131.9      0.0   0.0000   0.2872   0.0000  20.0000   0.0000
  149    5  77928.8  38718.6  76708.0      0.0   3817.4   5131.8      0.0   5960.5      0.0   0.0000   0.2872   0.0000  20.0000   0.0000
  150    1  78503.7  39064.8  76771.4      0.0   3810.5   5140.4      0.0   6131.9      0.0   0.0000   0.2872   0.0000  20.0000   0.0000
  151    3  78305.2  39301.9  77330.1      0.0   3702.1   5120.4      0.0   6157.9      0.0   0.0000   0.2872   0.0000  20.0000   0.0000
  152    5  78658.2  39035.7  76587.3      0.0   3768.9   5123.2      0.0   5960.5      0.0   0.0000   0.2872   0.0000  20.0000   0.0000
  153    2  78246.2  38896.8  77261.1      0.0   3814.5   5141.4      0.0   5888.6      0.0   0.0000   0.2872   0.0000  20.0000   0.0000
  154    4  78366.4  38748.5  76925.4      0.0   3754.8   5099.7      0.0   5917.7      0.0   0.0000   0.2872   0.0000  20.0000   0.0000
