 IND | id | EBend  | EParll | EShear | ECoupl | E Kap  | E Chi  | EField | EBind  |   M    | Couple |  Chi   |  mu    |  Kap   | Field  |
    1    3  78129.3  38953.5  76744.1      0.0      0.0      0.0      0.0   6157.9      0.0   0.0000   0.0000   0.0000   0.0000   0.0000
    2    5  78188.2  39170.7  76965.0      0.0      0.0      0.0      0.0   5960.5      0.0   0.0000   0.0000   0.0000   0.0000   0.0000
    3    7  78128.6  38718.3  76904.7      0.0      0.0      0.0      0.0   6118.1      0.0   0.0000   0.0000   0.0000   0.0000   0.0000
    4    2  77996.2  38778.7  76755.2      0.0      0.0      0.0      0.0   5888.6      0.0   0.0000   0.0000   0.0000   0.0000   0.0000
    5    4  78027.9  38987.5  77402.7      0.0      0.0      0.0      0.0   5917.7      0.0   0.0000   0.0000   0.0000   0.0000   0.0000
    6    6  78719.7  38628.2  77068.5      0.0      0.0      0.0      0.0   6235.9      0.0   0.0000   0.0000   0.0000   0.0000   0.0000
    7    1  78028.5  38952.1  76775.6      0.0      0.0      0.0      0.0   6131.9      0.0   0.0000   0.0000   0.0000   0.0000   0.0000
    8    3  78581.0  38985.0  76924.0      0.0      0.0      0.0      0.0   6157.9      0.0   0.0000   0.0000   0.0000   0.0000   0.0000
    9    5  78645.8  39205.1  76736.8      0.0      0.0      0.0      0.0   5960.5      0.0   0.0000   0.0000   0.0000   0.0000   0.0000
   10    7  78330.0  39076.5  76491.4      0.0      0.0      0.0      0.0   6118.1      0.0   0.0000   0.0000   0.0000  20.0000   0.0000
   11    2  78711.9  39241.7  76877.6      0.0   3833.0      0.0      0.0   5888.6      0.0   0.0000   0.0000   0.0000  20.0000   0.0000
   12    4  78249.6  39032.9  76810.5      0.0   3875.2      0.0      0.0   5917.7      0.0   0.0000   0.0000   0.0000  20.0000   0.0000
   13    6  78506.4  38886.9  76773.0      0.0   3829.8      0.0      0.0   6235.9      0.0   0.0000   0.0000   0.0000  20.0000   0.0000
   14    1  78537.2  38657.7  76373.6      0.0   3734.3      0.0      0.0   6131.9      0.0   0.0000   0.0000   0.0000  20.0000   0.0000
   15    3  78412.1  39020.3  76462.2      0.0   3758.7    262.0      0.0   6157.9      0.0   0.0000   0.0143   0.0000  20.0000   0.0000
   16    3  78247.7  39473.6  76449.4      0.0   3820.3    261.8      0.0   6157.9      0.0   0.0000   0.0143   0.0000  20.0000   0.0000
   17    5  77896.5  38974.8  76633.3      0.0   3803.4    261.8      0.0   5960.5      0.0   0.0000   0.0143   0.0000  20.0000   0.0000
   18    7  78355.1  38963.1  76945.2      0.0   3803.7    262.3      0.0   6118.1      0.0   0.0000   0.0143   0.0000  20.0000   0.0000
   19    1  78621.2  38773.7  76465.0      0.0   3707.8    262.3      0.0   6131.9      0.0   0.0000   0.0143   0.0000  20.0000   0.0000
   20    1  78624.8  38730.3  76793.9      0.0   3664.3    263.2      0.0   6131.9      0.0   0.0000   0.0143   0.0000  20.0000   0.0000
   21    4  78395.0  38768.0  77105.5      0.0   3841.8    260.8      0.0   5917.7      0.0   0.0000   0.0143   0.0000  20.0000   0.0000
   22    7  78132.5  38911.2  76622.2      0.0   3866.4    262.1      0.0   6118.1      0.0   0.0000   0.0143   0.0000  20.0000   0.0000
   23    1  78203.9  38956.1  76773.7      0.0   3774.3    262.4      0.0   6131.9      0.0   0.0000   0.0143   0.0000  20.0000   0.0000
   24    5  78595.5  39049.5  76869.8      0.0   3780.3    262.6      0.0   5960.5      0.0   0.0000   0.0143   0.0000  20.0000   0.0000
   25    2  78129.1  39017.9  76934.5      0.0   3722.2    261.9      0.0   5888.6      0.0   0.0000   0.0143   0.0000  20.0000   0.0000
   26    2  78632.8  39303.9  76982.1      0.0   3779.6    262.0      0.0   5888.6      0.0   0.0000   0.0143   0.0000  20.0000   0.0000
   27    3  78961.0  38702.5  76834.9      0.0   3892.0    261.8      0.0   6157.9      0.0   0.0000   0.0143   0.0000  20.0000   0.0000
   28    2  78477.1  39031.3  76512.8      0.0   3734.6    261.9      0.0   5888.6      0.0   0.0000   0.0143   0.0000  20.0000   0.0000
   29    4  78785.9  39005.2  76887.7      0.0   3780.8    261.5      0.0   5917.7      0.0   0.0000   0.0143   0.0000  20.0000   0.0000
   30    6  78479.3  39123.6  76981.7      0.0   3811.6    262.2      0.0   6235.9      0.0   0.0000   0.0143   0.0000  20.0000   0.0000
   31    5  78311.6  39028.7  76848.2      0.0   3851.8    261.3      0.0   5960.5      0.0   0.0000   0.0143   0.0000  20.0000   0.0000
   32    2  78199.7  38972.9  76945.7      0.0   3863.5    261.5      0.0   5888.6      0.0   0.0000   0.0143   0.0000  20.0000   0.0000
   33    5  78725.7  39023.9  76672.0      0.0   3866.8    261.9      0.0   5960.5      0.0   0.0000   0.0143   0.0000  20.0000   0.0000
   34    3  78112.0  39170.2  76694.7      0.0   3747.2    262.3      0.0   6157.9      0.0   0.0000   0.0143   0.0000  20.0000   0.0000
   35    4  78307.5  38963.8  76446.4      0.0   3848.5    263.1      0.0   5917.7      0.0   0.0000   0.0143   0.0000  20.0000   0.0000
   36    2  78327.7  39256.2  77188.0      0.0   3810.8    262.3      0.0   5888.6      0.0   0.0000   0.0143   0.0000  20.0000   0.0000
   37    4  78458.9  39178.2  77229.9      0.0   3830.1    262.2      0.0   5917.7      0.0   0.0000   0.0143   0.0000  20.0000   0.0000
   38    1  78674.9  38920.4  76720.5      0.0   3712.2    262.4      0.0   6131.9      0.0   0.0000   0.0143   0.0000  20.0000   0.0000
   39    2  78322.8  38916.2  76981.0      0.0   3830.4    261.9      0.0   5888.6      0.0   0.0000   0.0143   0.0000  20.0000   0.0000
   40    1  78198.7  38989.3  77561.0      0.0   3831.7    261.2      0.0   6131.9      0.0   0.0000   0.0143   0.0000  20.0000   0.0000
   41    5  78592.5  39189.4  76594.6      0.0   3787.2    261.2      0.0   5960.5      0.0   0.0000   0.0143   0.0000  20.0000   0.0000
   42    6  78532.0  39135.4  77192.2      0.0   3825.9    261.8      0.0   6235.9      0.0   0.0000   0.0143   0.0000  20.0000   0.0000
   43    7  78219.9  39067.4  76731.2      0.0   3803.7    261.8      0.0   6118.1      0.0   0.0000   0.0143   0.0000  20.0000   0.0000
   44    5  77807.3  38950.6  76635.5      0.0   3738.2    262.1      0.0   5960.5      0.0   0.0000   0.0143   0.0000  20.0000   0.0000
   45    1  78091.8  39073.5  76819.0      0.0   3782.8    262.1      0.0   6131.9      0.0   0.0000   0.0143   0.0000  20.0000   0.0000
   46    7  78884.9  39263.0  76619.0      0.0   3724.7    262.2      0.0   6118.1      0.0   0.0000   0.0143   0.0000  20.0000   0.0000
   47    2  77893.6  38858.9  76924.6      0.0   3892.4    262.3      0.0   5888.6      0.0   0.0000   0.0143   0.0000  20.0000   0.0000
   48    7  78501.5  39104.2  76587.4      0.0   3731.4    261.8      0.0   6118.1      0.0   0.0000   0.0143   0.0000  20.0000   0.0000
   49    4  78192.1  38980.0  76979.1      0.0   3714.7    262.3      0.0   5917.7      0.0   0.0000   0.0143   0.0000  20.0000   0.0000
   50    4  77885.7  38985.5  76538.2      0.0   3744.9    262.6      0.0   5917.7      0.0   0.0000   0.0143   0.0000  20.0000   0.0000
   51    4  78154.8  39000.7  76725.8      0.0   3767.9    262.6      0.0   5917.7      0.0   0.0000   0.0143   0.0000  20.0000   0.0000
   52    3  78477.1  39139.6  76603.7      0.0   3665.4    262.1      0.0   6157.9      0.0   0.0000   0.0143   0.0000  20.0000   0.0000
   53    7  78048.5  38857.8  76641.6      0.0   3808.7    261.7      0.0   6118.1      0.0   0.0000   0.0143   0.0000  20.0000   0.0000
   54    5  78727.9  38977.6  76567.2      0.0   3883.8    261.2      0.0   5960.5      0.0   0.0000   0.0143   0.0000  20.0000   0.0000
   55    2  77971.4  38866.8  77057.6      0.0   3785.1    262.5      0.0   5888.6      0.0   0.0000   0.0143   0.0000  20.0000   0.0000
   56    6  78217.2  38670.1  76790.4      0.0   3717.3    262.0      0.0   6235.9      0.0   0.0000   0.0143   0.0000  20.0000   0.0000
   57    6  78270.3  38744.1  76593.8      0.0   3777.9    262.4      0.0   6235.9      0.0   0.0000   0.0143   0.0000  20.0000   0.0000
   58    7  78370.7  39114.0  77150.0      0.0   3784.8    261.9      0.0   6118.1      0.0   0.0000   0.0143   0.0000  20.0000   0.0000
   59    4  78057.6  39050.3  76873.2      0.0   3784.5    261.2      0.0   5917.7      0.0   0.0000   0.0143   0.0000  20.0000   0.0000
   60    7  78482.5  39115.1  76729.0      0.0   3726.4    262.7      0.0   6118.1      0.0   0.0000   0.0143   0.0000  20.0000   0.0000
   61    2  78303.2  39088.3  77043.2      0.0   3684.3    260.6      0.0   5888.6      0.0   0.0000   0.0143   0.0000  20.0000   0.0000
   62    3  78398.4  38904.5  77095.5      0.0   3847.5    262.4      0.0   6157.9      0.0   0.0000   0.0143   0.0000  20.0000   0.0000
   63    6  78073.1  39052.2  77019.3      0.0   3715.7    261.3      0.0   6235.9      0.0   0.0000   0.0143   0.0000  20.0000   0.0000
   64    4  78485.3  38695.7  77240.2      0.0   3730.5    262.5      0.0   5917.7      0.0   0.0000   0.0143   0.0000  20.0000   0.0000
   65    7  78327.4  39021.7  76479.7      0.0   3765.6    262.4      0.0   6118.1      0.0   0.0000   0.0143   0.0000  20.0000   0.0000
   66    6  78350.3  38924.7  77224.3      0.0   3707.0    262.5      0.0   6235.9      0.0   0.0000   0.0143   0.0000  20.0000   0.0000
   67    2  77921.2  38960.2  76848.2      0.0   3795.1    261.7      0.0   5888.6      0.0   0.0000   0.0143   0.0000  20.0000   0.0000
   68    1  78409.1  39245.0  77141.5      0.0   3649.1    262.1      0.0   6131.9      0.0   0.0000   0.0143   0.0000  20.0000   0.0000
   69    5  78461.3  38929.0  77003.0      0.0   3888.1    262.0      0.0   5960.5      0.0   0.0000   0.0143   0.0000  20.0000   0.0000
   70    4  78168.1  38896.5  77200.7      0.0   3666.6    261.6      0.0   5917.7      0.0   0.0000   0.0143   0.0000  20.0000   0.0000
   71    6  78312.8  38880.6  76736.8      0.0   3781.4    262.0      0.0   6235.9      0.0   0.0000   0.0143   0.0000  20.0000   0.0000
   72    4  78051.1  38653.6  77235.5      0.0   3726.9    262.0      0.0   5917.7      0.0   0.0000   0.0143   0.0000  20.0000   0.0000
   73    1  78387.7  39006.9  77020.6      0.0   3803.0    262.5      0.0   6131.9      0.0   0.0000   0.0143   0.0000  20.0000   0.0000
   74    7  78735.2  38490.6  76450.4      0.0   3594.9    261.9      0.0   6118.1      0.0   0.0000   0.0143   0.0000  20.0000   0.0000
   75    4  78081.5  39083.5  77108.9      0.0   3705.8    261.8      0.0   5917.7      0.0   0.0000   0.0143   0.0000  20.0000   0.0000
   76    5  78446.3  39179.6  76867.4      0.0   3768.7    262.3      0.0   5960.5      0.0   0.0000   0.0143   0.0000  20.0000   0.0000
   77    4  77834.2  39257.1  77072.0      0.0   3780.8    262.1      0.0   5917.7      0.0   0.0000   0.0143   0.0000  20.0000   0.0000
   78    1  78162.3  38652.8  77036.9      0.0   3751.7    262.3      0.0   6131.9      0.0   0.0000   0.0143   0.0000  20.0000   0.0000
   79    6  77723.4  38928.8  76694.2      0.0   3840.7    261.4      0.0   6235.9      0.0   0.0000   0.0143   0.0000  20.0000   0.0000
   80    5  78452.3  38608.9  76657.1      0.0   3768.2    262.1      0.0   5960.5      0.0   0.0000   0.0143   0.0000  20.0000   0.0000
   81    3  77969.2  39391.0  76750.5      0.0   3701.2    261.5      0.0   6157.9      0.0   0.0000   0.0143   0.0000  20.0000   0.0000
   82    3  78379.5  38963.7  76457.4      0.0   3780.2    261.9      0.0   6157.9      0.0   0.0000   0.0143   0.0000  20.0000   0.0000
   83    2  78206.3  39146.4  76623.6      0.0   3769.2    262.1      0.0   5888.6      0.0   0.0000   0.0143   0.0000  20.0000   0.0000
   84    3  78605.4  38848.5  77096.0      0.0   3881.7    262.1      0.0   6157.9      0.0   0.0000   0.0143   0.0000  20.0000   0.0000
   85    4  78050.0  39166.2  76345.2      0.0   3806.1    262.0      0.0   5917.7      0.0   0.0000   0.0143   0.0000  20.0000   0.0000
   86    7  78560.2  38923.8  76975.7      0.0   3703.0    262.1      0.0   6118.1      0.0   0.0000   0.0143   0.0000  20.0000   0.0000
   87    4  77931.7  38687.5  76132.6      0.0   3705.6    261.8      0.0   5917.7      0.0   0.0000   0.0143   0.0000  20.0000   0.0000
   88    4  78221.5  39060.2  76397.7      0.0   3754.7    260.7      0.0   5917.7      0.0   0.0000   0.0143   0.0000  20.0000   0.0000
   89    6  78198.8  39004.8  76747.8      0.0   3845.9    263.4      0.0   6235.9      0.0   0.0000   0.0143   0.0000  20.0000   0.0000
   90    7  78244.0  38909.1  76526.1      0.0   3828.5    262.4      0.0   6118.1      0.0   0.0000   0.0143   0.0000  20.0000   0.0000
   91    4  78448.7  39078.9  76757.1      0.0   3738.0    261.3      0.0   5917.7      0.0   0.0000   0.0143   0.0000  20.0000   0.0000
   92    5  77952.1  39251.7  76684.3      0.0   3896.0    262.3      0.0   5960.5      0.0   0.0000   0.0143   0.0000  20.0000   0.0000
   93    7  78580.3  39190.1  77012.4      0.0   3710.8    262.1      0.0   6118.1      0.0   0.0000   0.0143   0.0000  20.0000   0.0000
   94    6  78250.6  38962.8  76652.1      0.0   3743.0    263.4      0.0   6235.9      0.0   0.0000   0.0143   0.0000  20.0000   0.0000
   95    3  78423.1  39142.1  77160.7      0.0   3744.9    260.9      0.0   6157.9      0.0   0.0000   0.0143   0.0000  20.0000   0.0000
   96    3  78367.8  39259.7  76543.4      0.0   3687.9    261.7      0.0   6157.9      0.0   0.0000   0.0143   0.0000  20.0000   0.0000
   97    1  78249.4  39118.0  76423.6      0.0   3787.5    262.2      0.0   6131.9      0.0   0.0000   0.0143   0.0000  20.0000   0.0000
   98    4  78390.9  39248.5  76762.4      0.0   3773.1    262.2      0.0   5917.7      0.0   0.0000   0.0143   0.0000  20.0000   0.0000
   99    6  78316.6  39013.0  76857.5      0.0   3812.9    262.0      0.0   6235.9      0.0   0.0000   0.0143   0.0000  20.0000   0.0000
  100    4  78255.4  38988.6  76761.6      0.0   3699.1    262.2      0.0   5917.7      0.0   0.0000   0.0143   0.0000  20.0000   0.0000
  101    6  78454.1  39062.5  77076.0      0.0   3835.1    262.3      0.0   6235.9      0.0   0.0000   0.0143   0.0000  20.0000   0.0000
  102    3  77991.0  39169.6  76921.7      0.0   3819.4    261.2      0.0   6157.9      0.0   0.0000   0.0143   0.0000  20.0000   0.0000
  103    3  78503.8  39361.0  76837.4      0.0   3711.3    261.6      0.0   6157.9      0.0   0.0000   0.0143   0.0000  20.0000   0.0000
  104    1  77769.0  38713.1  76559.2      0.0   3809.1    262.3      0.0   6131.9      0.0   0.0000   0.0143   0.0000  20.0000   0.0000
  105    3  78176.7  39067.5  77099.3      0.0   3809.7    261.5      0.0   6157.9      0.0   0.0000   0.0143   0.0000  20.0000   0.0000
  106    7  78159.3  39305.5  76652.3      0.0   3697.1    262.2      0.0   6118.1      0.0   0.0000   0.0143   0.0000  20.0000   0.0000
  107    5  78353.1  38516.8  76967.2      0.0   3797.9    261.9      0.0   5960.5      0.0   0.0000   0.0143   0.0000  20.0000   0.0000
  108    1  78178.8  38782.9  76911.2      0.0   3732.2    262.4      0.0   6131.9      0.0   0.0000   0.0143   0.0000  20.0000   0.0000
  109    1  78127.0  39201.7  76556.0      0.0   3775.3    261.8      0.0   6131.9      0.0   0.0000   0.0143   0.0000  20.0000   0.0000
  110    1  78327.9  38958.2  76450.8      0.0   3741.9    261.6      0.0   6131.9      0.0   0.0000   0.0143   0.0000  20.0000   0.0000
  111    2  78190.4  39243.2  77042.3      0.0   3825.8    261.9      0.0   5888.6      0.0   0.0000   0.0143   0.0000  20.0000   0.0000
  112    2  78013.3  38871.5  76534.8      0.0   3707.9    262.2      0.0   5888.6      0.0   0.0000   0.0143   0.0000  20.0000   0.0000
  113    1  77952.7  39091.0  77038.4      0.0   3655.7    262.6      0.0   6131.9      0.0   0.0000   0.0143   0.0000  20.0000   0.0000
  114    7  78440.8  39006.0  76833.7      0.0   3763.4    261.5      0.0   6118.1      0.0   0.0000   0.0143   0.0000  20.0000   0.0000
  115    1  77947.8  39056.9  76431.4      0.0   3685.3    262.5      0.0   6131.9      0.0   0.0000   0.0143   0.0000  20.0000   0.0000
  116    3  78921.5  38766.8  76825.5      0.0   3743.1    261.2      0.0   6157.9      0.0   0.0000   0.0143   0.0000  20.0000   0.0000
  117    5  78619.7  38719.6  76830.5      0.0   3817.2    261.9      0.0   5960.5      0.0   0.0000   0.0143   0.0000  20.0000   0.0000
  118    7  78773.0  39167.0  76940.5      0.0   3776.6    262.1      0.0   6118.1      0.0   0.0000   0.0143   0.0000  20.0000   0.0000
  119    4  78337.8  39273.4  76982.6      0.0   3769.6    261.9      0.0   5917.7      0.0   0.0000   0.0143   0.0000  20.0000   0.0000
  120    6  77921.3  39184.5  77014.7      0.0   3788.5    261.8      0.0   6235.9      0.0   0.0000   0.0143   0.0000  20.0000   0.0000
  121    3  78141.3  38613.3  77133.0      0.0   3741.1    261.3      0.0   6157.9      0.0   0.0000   0.0143   0.0000  20.0000   0.0000
  122    7  78323.6  39100.4  76582.3      0.0   3801.6    261.5      0.0   6118.1      0.0   0.0000   0.0143   0.0000  20.0000   0.0000
  123    2  78594.7  38636.3  77156.5      0.0   3704.5    262.2      0.0   5888.6      0.0   0.0000   0.0143   0.0000  20.0000   0.0000
  124    5  78489.3  39203.0  76995.9      0.0   3696.1    261.3      0.0   5960.5      0.0   0.0000   0.0143   0.0000  20.0000   0.0000
  125    7  78530.3  38823.3  76863.5      0.0   3822.1    262.4      0.0   6118.1      0.0   0.0000   0.0143   0.0000  20.0000   0.0000
  126    6  77814.3  38924.4  76776.9      0.0   3765.1    261.9      0.0   6235.9      0.0   0.0000   0.0143   0.0000  20.0000   0.0000
  127    6  77905.8  39189.9  76493.6      0.0   3758.5    263.1      0.0   6235.9      0.0   0.0000   0.0143   0.0000  20.0000   0.0000
  128    1  78538.0  38777.2  77088.7      0.0   3715.1    262.5      0.0   6131.9      0.0   0.0000   0.0143   0.0000  20.0000   0.0000
  129    2  78065.6  39117.7  76659.8      0.0   3740.4    261.9      0.0   5888.6      0.0   0.0000   0.0143   0.0000  20.0000   0.0000
  130    4  78563.7  39139.6  76878.0      0.0   3851.5    261.3      0.0   5917.7      0.0   0.0000   0.0143   0.0000  20.0000   0.0000
  131    2  78410.5  39246.5  77206.4      0.0   3677.9    261.5      0.0   5888.6      0.0   0.0000   0.0143   0.0000  20.0000   0.0000
  132    5  78080.0  38931.7  76863.6      0.0   3819.5    261.7      0.0   5960.5      0.0   0.0000   0.0143   0.0000  20.0000   0.0000
  133    5  78371.2  38928.4  76884.9      0.0   3829.1    262.2      0.0   5960.5      0.0   0.0000   0.0143   0.0000  20.0000   0.0000
  134    7  78340.0  38892.9  76902.1      0.0   3927.6    262.7      0.0   6118.1      0.0   0.0000   0.0143   0.0000  20.0000   0.0000
  135    6  78458.8  38566.9  76909.6      0.0   3800.6    262.0      0.0   6235.9      0.0   0.0000   0.0143   0.0000  20.0000   0.0000
  136    1  78207.5  38716.3  76707.9      0.0   3788.2    260.8      0.0   6131.9      0.0   0.0000   0.0143   0.0000  20.0000   0.0000
  137    3  78692.8  38959.7  77193.1      0.0   3778.1    262.2      0.0   6157.9      0.0   0.0000   0.0143   0.0000  20.0000   0.0000
  138    2  77976.5  38737.1  76485.5      0.0   3845.4    262.1      0.0   5888.6      0.0   0.0000   0.0143   0.0000  20.0000   0.0000
  139    4  78404.0  38948.2  76406.1      0.0   3797.0    261.6      0.0   5917.7      0.0   0.0000   0.0143   0.0000  20.0000   0.0000
  140    3  78248.7  38926.2  77286.7      0.0   3832.7    262.9      0.0   6157.9      0.0   0.0000   0.0143   0.0000  20.0000   0.0000
  141    1  78241.3  39089.9  76641.0      0.0   3790.8    262.0      0.0   6131.9      0.0   0.0000   0.0143   0.0000  20.0000   0.0000
  142    5  78262.3  38941.1  76531.9      0.0   3722.0    261.7      0.0   5960.5      0.0   0.0000   0.0143   0.0000  20.0000   0.0000
  143    4  78825.5  39414.1  76655.0      0.0   3773.2    262.4      0.0   5917.7      0.0   0.0000   0.0143   0.0000  20.0000   0.0000
  144    5  78020.0  38556.8  76696.5      0.0   3948.1    262.9      0.0   5960.5      0.0   0.0000   0.0143   0.0000  20.0000   0.0000
  145    1  78273.5  39263.7  76499.0      0.0   3754.2    261.3      0.0   6131.9      0.0   0.0000   0.0143   0.0000  20.0000   0.0000
  146    2  77968.0  39337.2  76699.8      0.0   3757.8    263.0      0.0   5888.6      0.0   0.0000   0.0143   0.0000  20.0000   0.0000
  147    1  78327.3  38722.2  76753.5      0.0   3789.3    262.7      0.0   6131.9      0.0   0.0000   0.0143   0.0000  20.0000   0.0000
  148    7  78289.6  39023.8  76807.6      0.0   3672.7    262.4      0.0   6118.1      0.0   0.0000   0.0143   0.0000  20.0000   0.0000
  149    6  78422.5  38741.4  77255.2      0.0   3826.9    261.8      0.0   6235.9      0.0   0.0000   0.0143   0.0000  20.0000   0.0000
  150    3  77876.4  39122.2  76872.6      0.0   3748.3    262.1      0.0   6157.9      0.0   0.0000   0.0143   0.0000  20.0000   0.0000
  151    4  78584.3  39060.5  76252.8      0.0   3849.7    262.7      0.0   5917.7      0.0   0.0000   0.0143   0.0000  20.0000   0.0000
  152    6  78273.8  39099.8  77014.9      0.0   3871.8    262.7      0.0   6235.9      0.0   0.0000   0.0143   0.0000  20.0000   0.0000
  153    3  78267.5  38584.4  77020.1      0.0   3730.9    262.1      0.0   6157.9      0.0   0.0000   0.0143   0.0000  20.0000   0.0000
  154    7  78536.2  38917.3  76546.8      0.0   3772.2    261.4      0.0   6118.1      0.0   0.0000   0.0143   0.0000  20.0000   0.0000
