 IND | id | EBend  | EParll | EShear | ECoupl | E Kap  | E Chi  | EField | EBind  |   M    | Couple |  Chi   |  mu    |  Kap   | Field  |
    1    5  77827.3  38779.5  76273.5      0.0      0.0      0.0      0.0   5960.5      0.0   0.0000   0.0000   0.0000   0.0000   0.0000
    2    7  78182.0  39052.3  76676.4      0.0      0.0      0.0      0.0   6118.1      0.0   0.0000   0.0000   0.0000   0.0000   0.0000
    3    2  78759.9  38611.7  76650.3      0.0      0.0      0.0      0.0   5888.6      0.0   0.0000   0.0000   0.0000   0.0000   0.0000
    4    4  78144.1  38907.8  76786.3      0.0      0.0      0.0      0.0   5917.7      0.0   0.0000   0.0000   0.0000   0.0000   0.0000
    5    6  78322.9  38848.5  76556.5      0.0      0.0      0.0      0.0   6235.9      0.0   0.0000   0.0000   0.0000   0.0000   0.0000
    6    1  78105.4  38868.9  76731.7      0.0      0.0      0.0      0.0   6131.9      0.0   0.0000   0.0000   0.0000   0.0000   0.0000
    7    3  78285.2  38495.0  76931.3      0.0      0.0      0.0      0.0   6157.9      0.0   0.0000   0.0000   0.0000   0.0000   0.0000
    8    5  78723.1  39089.6  76565.2      0.0      0.0      0.0      0.0   5960.5      0.0   0.0000   0.0000   0.0000   0.0000   0.0000
    9    7  78207.0  38773.5  76639.7      0.0      0.0      0.0      0.0   6118.1      0.0   0.0000   0.0000   0.0000   0.0000   0.0000
   10    2  78221.7  38624.6  76838.5      0.0      0.0      0.0      0.0   5888.6      0.0   0.0000   0.0000   0.0000  20.0000   0.0000
   11    4  78384.6  38964.3  76754.8      0.0   3784.1      0.0      0.0   5917.7      0.0   0.0000   0.0000   0.0000  20.0000   0.0000
   12    6  78604.2  39006.2  76729.4      0.0   3774.7      0.0      0.0   6235.9      0.0   0.0000   0.0000   0.0000  20.0000   0.0000
   13    1  78302.5  38715.5  76993.5      0.0   3773.1      0.0      0.0   6131.9      0.0   0.0000   0.0000   0.0000  20.0000   0.0000
   14    3  78354.7  38899.0  76737.9      0.0   3764.4      0.0      0.0   6157.9      0.0   0.0000   0.0000   0.0000  20.0000   0.0000
   15    4  78137.7  38994.7  76960.8      0.0   3684.4   2151.8      0.0   5917.7      0.0   0.0000   0.1184   0.0000  20.0000   0.0000
   16    5  78539.2  38698.7  77257.1      0.0   3695.0   2107.6      0.0   5960.5      0.0   0.0000   0.1156   0.0000  20.0000   0.0000
   17    1  78631.9  39518.1  76949.3      0.0   3884.1   2142.1      0.0   6131.9      0.0   0.0000   0.1180   0.0000  20.0000   0.0000
   18    6  77848.5  38971.0  76730.2      0.0   3741.1   2095.2      0.0   6235.9      0.0   0.0000   0.1152   0.0000  20.0000   0.0000
   19    4  78293.9  39255.3  76967.9      0.0   3849.2   2143.9      0.0   5917.7      0.0   0.0000   0.1175   0.0000  20.0000   0.0000
   20    4  78353.7  38796.0  76754.1      0.0   3779.1   2127.4      0.0   5917.7      0.0   0.0000   0.1174   0.0000  20.0000   0.0000
   21    3  78307.1  39124.1  76590.0      0.0   3845.8   2141.6      0.0   6157.9      0.0   0.0000   0.1172   0.0000  20.0000   0.0000
   22    2  78176.1  39150.9  76615.6      0.0   3786.9   2184.2      0.0   5888.6      0.0   0.0000   0.1199   0.0000  20.0000   0.0000
   23    2  78635.6  39014.1  76409.9      0.0   3906.6   2127.4      0.0   5888.6      0.0   0.0000   0.1170   0.0000  20.0000   0.0000
   24    3  78497.2  39172.0  76591.4      0.0   3716.0   2075.6      0.0   6157.9      0.0   0.0000   0.1145   0.0000  20.0000   0.0000
   25    3  78336.0  39063.7  77029.4      0.0   3786.1   2080.9      0.0   6157.9      0.0   0.0000   0.1145   0.0000  20.0000   0.0000
   26    5  78350.3  39092.9  76659.3      0.0   3864.2   2077.6      0.0   5960.5      0.0   0.0000   0.1145   0.0000  20.0000   0.0000
   27    1  78760.7  38867.8  76716.4      0.0   3811.6   2086.1      0.0   6131.9      0.0   0.0000   0.1145   0.0000  20.0000   0.0000
   28    3  78223.8  38930.4  76616.4      0.0   3767.2   2078.3      0.0   6157.9      0.0   0.0000   0.1145   0.0000  20.0000   0.0000
   29    3  78087.5  39257.5  76691.3      0.0   3817.1   2084.2      0.0   6157.9      0.0   0.0000   0.1145   0.0000  20.0000   0.0000
   30    1  78980.7  39347.7  76829.8      0.0   3758.2   2084.8      0.0   6131.9      0.0   0.0000   0.1145   0.0000  20.0000   0.0000
   31    3  78146.4  39024.3  77516.5      0.0   3901.4   2085.2      0.0   6157.9      0.0   0.0000   0.1145   0.0000  20.0000   0.0000
   32    3  78275.9  39208.7  76458.4      0.0   3725.0   2083.6      0.0   6157.9      0.0   0.0000   0.1145   0.0000  20.0000   0.0000
   33    1  78307.8  38700.3  76230.0      0.0   3783.5   2088.4      0.0   6131.9      0.0   0.0000   0.1145   0.0000  20.0000   0.0000
   34    5  78321.7  39046.7  76477.4      0.0   3778.4   2087.5      0.0   5960.5      0.0   0.0000   0.1145   0.0000  20.0000   0.0000
   35    3  77913.7  38846.0  76685.2      0.0   3743.2   2080.2      0.0   6157.9      0.0   0.0000   0.1145   0.0000  20.0000   0.0000
   36    6  78536.4  38973.2  76945.0      0.0   3710.1   2086.2      0.0   6235.9      0.0   0.0000   0.1145   0.0000  20.0000   0.0000
   37    2  77749.7  38812.6  76906.0      0.0   3809.7   2081.7      0.0   5888.6      0.0   0.0000   0.1145   0.0000  20.0000   0.0000
   38    6  77711.6  38888.5  77557.6      0.0   3784.7   2084.7      0.0   6235.9      0.0   0.0000   0.1145   0.0000  20.0000   0.0000
   39    5  78487.7  38949.5  76404.5      0.0   3656.9   2081.7      0.0   5960.5      0.0   0.0000   0.1145   0.0000  20.0000   0.0000
   40    5  78508.7  39175.7  76691.1      0.0   3776.1   2089.8      0.0   5960.5      0.0   0.0000   0.1145   0.0000  20.0000   0.0000
   41    2  78019.2  39219.3  76713.6      0.0   3730.4   2080.9      0.0   5888.6      0.0   0.0000   0.1145   0.0000  20.0000   0.0000
   42    5  77720.9  39243.1  76875.0      0.0   3804.1   2089.2      0.0   5960.5      0.0   0.0000   0.1145   0.0000  20.0000   0.0000
   43    4  78174.9  39194.3  77178.8      0.0   3888.6   2084.6      0.0   5917.7      0.0   0.0000   0.1145   0.0000  20.0000   0.0000
   44    3  78091.2  39282.6  76373.0      0.0   3747.7   2091.2      0.0   6157.9      0.0   0.0000   0.1145   0.0000  20.0000   0.0000
   45    2  78593.6  38965.8  76509.9      0.0   3734.5   2077.4      0.0   5888.6      0.0   0.0000   0.1145   0.0000  20.0000   0.0000
   46    2  78441.6  38876.5  76592.8      0.0   3777.4   2089.6      0.0   5888.6      0.0   0.0000   0.1145   0.0000  20.0000   0.0000
   47    7  78048.6  39294.4  76572.5      0.0   3767.0   2082.9      0.0   6118.1      0.0   0.0000   0.1145   0.0000  20.0000   0.0000
   48    1  78897.5  38947.7  77165.0      0.0   3734.4   2094.5      0.0   6131.9      0.0   0.0000   0.1145   0.0000  20.0000   0.0000
   49    6  78448.6  39257.7  76875.4      0.0   3820.5   2083.7      0.0   6235.9      0.0   0.0000   0.1145   0.0000  20.0000   0.0000
   50    7  78017.3  39234.0  76893.5      0.0   3937.7   2088.3      0.0   6118.1      0.0   0.0000   0.1145   0.0000  20.0000   0.0000
   51    7  78650.2  39318.7  76878.3      0.0   3771.1   2075.0      0.0   6118.1      0.0   0.0000   0.1145   0.0000  20.0000   0.0000
   52    4  78260.8  39096.8  77496.2      0.0   3836.9   2082.7      0.0   5917.7      0.0   0.0000   0.1145   0.0000  20.0000   0.0000
   53    5  78568.9  39215.3  76990.7      0.0   3806.8   2090.1      0.0   5960.5      0.0   0.0000   0.1145   0.0000  20.0000   0.0000
   54    6  78554.9  38763.4  77012.9      0.0   3751.7   2081.3      0.0   6235.9      0.0   0.0000   0.1145   0.0000  20.0000   0.0000
   55    4  78572.4  39224.0  76790.7      0.0   3748.2   2082.9      0.0   5917.7      0.0   0.0000   0.1145   0.0000  20.0000   0.0000
   56    5  78347.7  38743.0  76816.0      0.0   3869.1   2080.2      0.0   5960.5      0.0   0.0000   0.1145   0.0000  20.0000   0.0000
   57    3  78078.2  39074.9  76866.8      0.0   3759.7   2081.3      0.0   6157.9      0.0   0.0000   0.1145   0.0000  20.0000   0.0000
   58    6  78628.2  38760.1  77175.1      0.0   3687.4   2083.5      0.0   6235.9      0.0   0.0000   0.1145   0.0000  20.0000   0.0000
   59    1  78142.1  39093.2  76679.0      0.0   3769.2   2071.9      0.0   6131.9      0.0   0.0000   0.1145   0.0000  20.0000   0.0000
   60    5  78711.0  38891.3  77241.7      0.0   3680.2   2081.4      0.0   5960.5      0.0   0.0000   0.1145   0.0000  20.0000   0.0000
   61    5  78256.0  38881.7  76681.9      0.0   3796.2   2083.2      0.0   5960.5      0.0   0.0000   0.1145   0.0000  20.0000   0.0000
   62    7  78621.7  39080.7  76817.8      0.0   3829.1   2084.1      0.0   6118.1      0.0   0.0000   0.1145   0.0000  20.0000   0.0000
   63    3  78053.4  38973.6  76455.3      0.0   3784.1   2079.6      0.0   6157.9      0.0   0.0000   0.1145   0.0000  20.0000   0.0000
   64    2  77622.5  39033.4  77049.9      0.0   3728.2   2088.2      0.0   5888.6      0.0   0.0000   0.1145   0.0000  20.0000   0.0000
   65    1  78227.0  39258.7  76652.1      0.0   3658.1   2084.7      0.0   6131.9      0.0   0.0000   0.1145   0.0000  20.0000   0.0000
   66    4  78347.8  39055.2  76656.9      0.0   3852.0   2094.0      0.0   5917.7      0.0   0.0000   0.1145   0.0000  20.0000   0.0000
   67    6  78451.9  39009.3  77540.5      0.0   3760.2   2084.6      0.0   6235.9      0.0   0.0000   0.1145   0.0000  20.0000   0.0000
   68    6  78899.1  38852.7  76795.2      0.0   3723.1   2079.5      0.0   6235.9      0.0   0.0000   0.1145   0.0000  20.0000   0.0000
   69    1  78355.4  39146.2  77067.0      0.0   3705.7   2086.3      0.0   6131.9      0.0   0.0000   0.1145   0.0000  20.0000   0.0000
   70    6  78651.6  39056.1  77062.4      0.0   3892.1   2084.9      0.0   6235.9      0.0   0.0000   0.1145   0.0000  20.0000   0.0000
   71    2  78394.8  38605.5  76683.4      0.0   3764.7   2085.3      0.0   5888.6      0.0   0.0000   0.1145   0.0000  20.0000   0.0000
   72    6  78662.7  39059.2  76621.4      0.0   3762.0   2080.8      0.0   6235.9      0.0   0.0000   0.1145   0.0000  20.0000   0.0000
   73    2  78366.7  39036.9  76918.9      0.0   3726.7   2088.4      0.0   5888.6      0.0   0.0000   0.1145   0.0000  20.0000   0.0000
   74    5  78482.7  39238.8  76908.4      0.0   3837.8   2092.9      0.0   5960.5      0.0   0.0000   0.1145   0.0000  20.0000   0.0000
   75    1  77956.4  38878.5  76969.7      0.0   3700.8   2075.4      0.0   6131.9      0.0   0.0000   0.1145   0.0000  20.0000   0.0000
   76    2  78253.2  38613.6  76985.9      0.0   3753.1   2083.1      0.0   5888.6      0.0   0.0000   0.1145   0.0000  20.0000   0.0000
   77    2  77880.0  39033.6  77037.4      0.0   3764.5   2079.9      0.0   5888.6      0.0   0.0000   0.1145   0.0000  20.0000   0.0000
   78    3  78389.7  38968.0  76664.9      0.0   3788.9   2077.2      0.0   6157.9      0.0   0.0000   0.1145   0.0000  20.0000   0.0000
   79    3  78506.9  39227.4  76861.4      0.0   3836.9   2084.8      0.0   6157.9      0.0   0.0000   0.1145   0.0000  20.0000   0.0000
   80    1  78104.7  38928.5  76966.1      0.0   3898.8   2082.8      0.0   6131.9      0.0   0.0000   0.1145   0.0000  20.0000   0.0000
   81    1  78548.8  39107.3  76909.6      0.0   3754.2   2087.6      0.0   6131.9      0.0   0.0000   0.1145   0.0000  20.0000   0.0000
   82    1  78462.6  39109.6  76544.1      0.0   3717.2   2087.1      0.0   6131.9      0.0   0.0000   0.1145   0.0000  20.0000   0.0000
   83    7  77753.2  38964.0  76779.2      0.0   3761.7   2078.3      0.0   6118.1      0.0   0.0000   0.1145   0.0000  20.0000   0.0000
   84    7  78078.5  38967.2  76679.5      0.0   3703.1   2070.5      0.0   6118.1      0.0   0.0000   0.1145   0.0000  20.0000   0.0000
   85    3  78205.4  39101.6  76934.5      0.0   3866.7   2085.0      0.0   6157.9      0.0   0.0000   0.1145   0.0000  20.0000   0.0000
   86    4  78129.7  38990.2  76567.6      0.0   3842.6   2088.5      0.0   5917.7      0.0   0.0000   0.1145   0.0000  20.0000   0.0000
   87    5  78216.8  39024.4  76834.3      0.0   3747.2   2084.7      0.0   5960.5      0.0   0.0000   0.1145   0.0000  20.0000   0.0000
   88    3  78425.4  38748.4  76704.3      0.0   3771.3   2082.7      0.0   6157.9      0.0   0.0000   0.1145   0.0000  20.0000   0.0000
   89    7  78075.8  38846.7  76493.2      0.0   3783.4   2080.3      0.0   6118.1      0.0   0.0000   0.1145   0.0000  20.0000   0.0000
   90    3  77850.4  38950.5  76731.1      0.0   3652.4   2090.6      0.0   6157.9      0.0   0.0000   0.1145   0.0000  20.0000   0.0000
   91    6  78379.9  39140.6  77367.6      0.0   3888.8   2083.5      0.0   6235.9      0.0   0.0000   0.1145   0.0000  20.0000   0.0000
   92    3  78693.0  38886.5  76979.8      0.0   3770.3   2084.0      0.0   6157.9      0.0   0.0000   0.1145   0.0000  20.0000   0.0000
   93    5  78192.3  39251.3  76668.5      0.0   3802.8   2085.8      0.0   5960.5      0.0   0.0000   0.1145   0.0000  20.0000   0.0000
   94    7  78466.9  38541.8  76888.3      0.0   3793.2   2080.4      0.0   6118.1      0.0   0.0000   0.1145   0.0000  20.0000   0.0000
   95    1  78074.0  39041.7  77055.3      0.0   3770.4   2083.1      0.0   6131.9      0.0   0.0000   0.1145   0.0000  20.0000   0.0000
   96    6  78175.6  38583.6  76806.5      0.0   3722.6   2077.9      0.0   6235.9      0.0   0.0000   0.1145   0.0000  20.0000   0.0000
   97    6  78510.5  38798.0  76622.0      0.0   3905.2   2085.3      0.0   6235.9      0.0   0.0000   0.1145   0.0000  20.0000   0.0000
   98    1  78220.3  38971.1  77018.7      0.0   3704.0   2077.4      0.0   6131.9      0.0   0.0000   0.1145   0.0000  20.0000   0.0000
   99    3  78012.8  38975.0  77079.8      0.0   3847.7   2084.1      0.0   6157.9      0.0   0.0000   0.1145   0.0000  20.0000   0.0000
  100    1  78515.3  39207.9  76733.1      0.0   3863.9   2084.1      0.0   6131.9      0.0   0.0000   0.1145   0.0000  20.0000   0.0000
  101    1  78173.5  39168.7  77421.5      0.0   3821.3   2089.7      0.0   6131.9      0.0   0.0000   0.1145   0.0000  20.0000   0.0000
  102    6  78409.9  38925.4  76467.3      0.0   3748.4   2083.7      0.0   6235.9      0.0   0.0000   0.1145   0.0000  20.0000   0.0000
  103    4  78208.2  39186.2  76847.1      0.0   3730.2   2091.4      0.0   5917.7      0.0   0.0000   0.1145   0.0000  20.0000   0.0000
  104    4  78922.1  38951.6  77014.7      0.0   3696.0   2083.9      0.0   5917.7      0.0   0.0000   0.1145   0.0000  20.0000   0.0000
  105    7  78383.2  38960.6  76481.8      0.0   3693.2   2084.7      0.0   6118.1      0.0   0.0000   0.1145   0.0000  20.0000   0.0000
  106    3  78499.2  38756.0  76810.5      0.0   3766.7   2081.4      0.0   6157.9      0.0   0.0000   0.1145   0.0000  20.0000   0.0000
  107    1  78023.8  38961.4  77026.0      0.0   3834.7   2086.0      0.0   6131.9      0.0   0.0000   0.1145   0.0000  20.0000   0.0000
  108    2  78319.0  39390.3  76975.2      0.0   3709.6   2086.1      0.0   5888.6      0.0   0.0000   0.1145   0.0000  20.0000   0.0000
  109    6  78294.2  39074.1  76625.1      0.0   3739.8   2080.7      0.0   6235.9      0.0   0.0000   0.1145   0.0000  20.0000   0.0000
  110    2  78173.9  38937.8  76228.0      0.0   3818.7   2084.8      0.0   5888.6      0.0   0.0000   0.1145   0.0000  20.0000   0.0000
  111    7  77721.6  39159.8  76818.7      0.0   3826.9   2080.9      0.0   6118.1      0.0   0.0000   0.1145   0.0000  20.0000   0.0000
  112    6  78105.8  38932.8  76578.5      0.0   3795.4   2084.9      0.0   6235.9      0.0   0.0000   0.1145   0.0000  20.0000   0.0000
  113    2  78448.4  38759.4  76944.9      0.0   3817.4   2077.9      0.0   5888.6      0.0   0.0000   0.1145   0.0000  20.0000   0.0000
  114    6  78426.1  39010.5  76425.3      0.0   3838.5   2083.3      0.0   6235.9      0.0   0.0000   0.1145   0.0000  20.0000   0.0000
  115    6  78320.6  39349.7  77120.1      0.0   3699.9   2076.6      0.0   6235.9      0.0   0.0000   0.1145   0.0000  20.0000   0.0000
  116    7  78003.9  38946.1  77078.1      0.0   3820.5   2082.0      0.0   6118.1      0.0   0.0000   0.1145   0.0000  20.0000   0.0000
  117    4  78566.5  38900.8  77202.2      0.0   3848.1   2080.4      0.0   5917.7      0.0   0.0000   0.1145   0.0000  20.0000   0.0000
  118    2  78034.6  38697.1  77247.2      0.0   3869.8   2079.3      0.0   5888.6      0.0   0.0000   0.1145   0.0000  20.0000   0.0000
  119    5  78094.8  39035.7  76926.5      0.0   3738.4   2084.1      0.0   5960.5      0.0   0.0000   0.1145   0.0000  20.0000   0.0000
  120    2  78249.7  38964.0  76853.3      0.0   3785.7   2083.3      0.0   5888.6      0.0   0.0000   0.1145   0.0000  20.0000   0.0000
  121    5  78835.9  38856.4  76963.6      0.0   3695.3   2082.2      0.0   5960.5      0.0   0.0000   0.1145   0.0000  20.0000   0.0000
  122    6  78686.2  39025.4  76807.4      0.0   3708.5   2084.4      0.0   6235.9      0.0   0.0000   0.1145   0.0000  20.0000   0.0000
  123    7  78149.8  39066.8  76756.8      0.0   3687.2   2084.7      0.0   6118.1      0.0   0.0000   0.1145   0.0000  20.0000   0.0000
  124    4  78913.1  38745.6  76889.0      0.0   3865.3   2074.5      0.0   5917.7      0.0   0.0000   0.1145   0.0000  20.0000   0.0000
  125    4  78258.3  39154.0  77128.0      0.0   3791.2   2085.2      0.0   5917.7      0.0   0.0000   0.1145   0.0000  20.0000   0.0000
  126    1  77925.5  39029.2  76553.8      0.0   3863.0   2079.1      0.0   6131.9      0.0   0.0000   0.1145   0.0000  20.0000   0.0000
  127    1  78446.3  39311.0  77162.4      0.0   3796.4   2081.2      0.0   6131.9      0.0   0.0000   0.1145   0.0000  20.0000   0.0000
  128    5  78622.6  39017.0  76644.2      0.0   3719.8   2080.7      0.0   5960.5      0.0   0.0000   0.1145   0.0000  20.0000   0.0000
  129    5  78326.5  38976.1  77169.3      0.0   3733.2   2076.1      0.0   5960.5      0.0   0.0000   0.1145   0.0000  20.0000   0.0000
  130    2  78014.3  38658.6  77023.3      0.0   3679.3   2090.1      0.0   5888.6      0.0   0.0000   0.1145   0.0000  20.0000   0.0000
  131    3  78281.1  39006.0  76420.6      0.0   3776.5   2082.9      0.0   6157.9      0.0   0.0000   0.1145   0.0000  20.0000   0.0000
  132    4  78715.7  39494.6  76921.1      0.0   3795.5   2082.4      0.0   5917.7      0.0   0.0000   0.1145   0.0000  20.0000   0.0000
  133    1  78696.5  38815.2  77026.6      0.0   3684.4   2084.7      0.0   6131.9      0.0   0.0000   0.1145   0.0000  20.0000   0.0000
  134    1  78414.5  38896.2  76682.9      0.0   3875.0   2082.2      0.0   6131.9      0.0   0.0000   0.1145   0.0000  20.0000   0.0000
  135    1  78351.8  38946.5  76947.7      0.0   3752.9   2087.0      0.0   6131.9      0.0   0.0000   0.1145   0.0000  20.0000   0.0000
  136    3  78936.0  38919.8  76523.8      0.0   3788.8   2074.4      0.0   6157.9      0.0   0.0000   0.1145   0.0000  20.0000   0.0000
  137    6  78254.5  39225.7  76747.2      0.0   3843.8   2076.2      0.0   6235.9      0.0   0.0000   0.1145   0.0000  20.0000   0.0000
  138    4  78147.6  38983.3  76858.6      0.0   3724.5   2086.9      0.0   5917.7      0.0   0.0000   0.1145   0.0000  20.0000   0.0000
  139    2  77729.5  38585.7  77167.4      0.0   3783.7   2081.1      0.0   5888.6      0.0   0.0000   0.1145   0.0000  20.0000   0.0000
  140    6  78289.4  38594.9  76829.8      0.0   3706.4   2080.8      0.0   6235.9      0.0   0.0000   0.1145   0.0000  20.0000   0.0000
  141    7  78109.6  39204.4  76906.1      0.0   3801.9   2083.0      0.0   6118.1      0.0   0.0000   0.1145   0.0000  20.0000   0.0000
  142    3  78391.4  39010.8  76985.0      0.0   3906.0   2080.2      0.0   6157.9      0.0   0.0000   0.1145   0.0000  20.0000   0.0000
  143    6  77952.8  39082.0  76977.6      0.0   3777.5   2079.3      0.0   6235.9      0.0   0.0000   0.1145   0.0000  20.0000   0.0000
  144    2  78575.4  38846.9  76416.2      0.0   3691.7   2085.2      0.0   5888.6      0.0   0.0000   0.1145   0.0000  20.0000   0.0000
  145    2  78558.4  38643.2  77074.3      0.0   3699.4   2085.3      0.0   5888.6      0.0   0.0000   0.1145   0.0000  20.0000   0.0000
  146    6  77937.0  39039.8  76949.5      0.0   3746.6   2079.0      0.0   6235.9      0.0   0.0000   0.1145   0.0000  20.0000   0.0000
  147    6  78692.3  38935.0  76879.7      0.0   3738.3   2083.5      0.0   6235.9      0.0   0.0000   0.1145   0.0000  20.0000   0.0000
  148    2  78376.2  38916.6  77102.9      0.0   3750.5   2085.0      0.0   5888.6      0.0   0.0000   0.1145   0.0000  20.0000   0.0000
  149    7  78488.4  38766.0  76879.4      0.0   3854.7   2078.0      0.0   6118.1      0.0   0.0000   0.1145   0.0000  20.0000   0.0000
  150    7  78565.5  39006.6  76581.1      0.0   3802.2   2089.7      0.0   6118.1      0.0   0.0000   0.1145   0.0000  20.0000   0.0000
  151    1  79019.0  39041.5  76669.9      0.0   3664.0   2084.9      0.0   6131.9      0.0   0.0000   0.1145   0.0000  20.0000   0.0000
  152    1  78049.7  38810.8  77037.3      0.0   3791.1   2085.4      0.0   6131.9      0.0   0.0000   0.1145   0.0000  20.0000   0.0000
  153    1  78617.8  38984.4  77071.3      0.0   3699.1   2079.9      0.0   6131.9      0.0   0.0000   0.1145   0.0000  20.0000   0.0000
  154    5  78230.7  39130.5  76841.8      0.0   3760.4   2076.0      0.0   5960.5      0.0   0.0000   0.1145   0.0000  20.0000   0.0000
