 IND | id | EBend  | EParll | EShear | ECoupl | E Kap  | E Chi  | EField | EBind  |   M    | Couple |  Chi   |  mu    |  Kap   | Field  |
    1    6  78160.1  38731.6  76937.2      0.0      0.0      0.0      0.0   6235.9      0.0   0.0000   0.0000   0.0000   0.0000   0.0000
    2    1  78442.0  39079.7  77239.7      0.0      0.0      0.0      0.0   6131.9      0.0   0.0000   0.0000   0.0000   0.0000   0.0000
    3    3  78240.8  39005.7  76537.1      0.0      0.0      0.0      0.0   6157.9      0.0   0.0000   0.0000   0.0000   0.0000   0.0000
    4    5  78478.5  38887.1  76437.1      0.0      0.0      0.0      0.0   5960.5      0.0   0.0000   0.0000   0.0000   0.0000   0.0000
    5    7  78102.5  38982.2  77052.7      0.0      0.0      0.0      0.0   6118.1      0.0   0.0000   0.0000   0.0000   0.0000   0.0000
    6    2  78089.5  38784.0  76797.4      0.0      0.0      0.0      0.0   5888.6      0.0   0.0000   0.0000   0.0000   0.0000   0.0000
    7    4  78423.5  39111.2  76815.3      0.0      0.0      0.0      0.0   5917.7      0.0   0.0000   0.0000   0.0000   0.0000   0.0000
    8    6  78664.9  38745.7  77238.0      0.0      0.0      0.0      0.0   6235.9      0.0   0.0000   0.0000   0.0000   0.0000   0.0000
    9    1  78230.8  39300.6  76901.5      0.0      0.0      0.0      0.0   6131.9      0.0   0.0000   0.0000   0.0000   0.0000   0.0000
   10    3  78147.9  39168.8  76539.4      0.0      0.0      0.0      0.0   6157.9      0.0   0.0000   0.0000   0.0000  20.0000   0.0000
   11    5  78247.1  38904.9  76761.9      0.0   3715.4      0.0      0.0   5960.5      0.0   0.0000   0.0000   0.0000  20.0000   0.0000
   12    7  78326.0  38904.9  76586.1      0.0   3794.9      0.0      0.0   6118.1      0.0   0.0000   0.0000   0.0000  20.0000   0.0000
   13    2  78085.9  38968.7  76833.9      0.0   3641.1      0.0      0.0   5888.6      0.0   0.0000   0.0000   0.0000  20.0000   0.0000
   14    4  78672.4  39181.2  76947.7      0.0   3720.2      0.0      0.0   5917.7      0.0   0.0000   0.0000   0.0000  20.0000   0.0000
   15    2  78262.8  38787.3  77284.2      0.0   3851.1   3038.4      0.0   5888.6      0.0   0.0000   0.1668   0.0000  20.0000   0.0000
   16    1  78921.2  39181.1  76747.3      0.0   3825.1   2974.9      0.0   6131.9      0.0   0.0000   0.1639   0.0000  20.0000   0.0000
   17    6  77917.8  39327.6  77017.9      0.0   3691.7   2955.5      0.0   6235.9      0.0   0.0000   0.1637   0.0000  20.0000   0.0000
   18    5  78257.6  38844.9  76757.3      0.0   3734.6   3009.6      0.0   5960.5      0.0   0.0000   0.1655   0.0000  20.0000   0.0000
   19    5  78919.1  38988.7  77111.6      0.0   3807.2   2953.8      0.0   5960.5      0.0   0.0000   0.1629   0.0000  20.0000   0.0000
   20    3  78008.5  39256.8  76752.8      0.0   3782.1   2948.3      0.0   6157.9      0.0   0.0000   0.1625   0.0000  20.0000   0.0000
   21    2  77805.1  39125.1  77182.5      0.0   3653.8   2983.9      0.0   5888.6      0.0   0.0000   0.1645   0.0000  20.0000   0.0000
   22    1  78196.1  39222.7  76974.7      0.0   3778.1   3029.8      0.0   6131.9      0.0   0.0000   0.1669   0.0000  20.0000   0.0000
   23    5  78469.1  38724.8  76608.8      0.0   3801.6   3018.4      0.0   5960.5      0.0   0.0000   0.1664   0.0000  20.0000   0.0000
   24    1  77979.6  38893.2  77107.9      0.0   3769.0   2917.0      0.0   6131.9      0.0   0.0000   0.1613   0.0000  20.0000   0.0000
   25    1  78416.4  38777.7  76809.9      0.0   3814.5   2931.9      0.0   6131.9      0.0   0.0000   0.1613   0.0000  20.0000   0.0000
   26    4  78641.0  38946.8  76506.7      0.0   3810.1   2915.3      0.0   5917.7      0.0   0.0000   0.1613   0.0000  20.0000   0.0000
   27    7  78336.8  38835.2  76868.6      0.0   3784.1   2931.3      0.0   6118.1      0.0   0.0000   0.1613   0.0000  20.0000   0.0000
   28    1  78055.3  39204.6  76438.3      0.0   3791.8   2927.1      0.0   6131.9      0.0   0.0000   0.1613   0.0000  20.0000   0.0000
   29    7  78250.0  38981.0  76886.2      0.0   3745.9   2923.2      0.0   6118.1      0.0   0.0000   0.1613   0.0000  20.0000   0.0000
   30    5  78047.0  38953.4  76425.3      0.0   3779.5   2927.5      0.0   5960.5      0.0   0.0000   0.1613   0.0000  20.0000   0.0000
   31    6  77994.6  38826.2  77049.8      0.0   3836.5   2923.1      0.0   6235.9      0.0   0.0000   0.1613   0.0000  20.0000   0.0000
   32    7  78640.7  39027.5  77385.1      0.0   3738.7   2916.5      0.0   6118.1      0.0   0.0000   0.1613   0.0000  20.0000   0.0000
   33    2  78081.9  38911.5  77224.4      0.0   3785.6   2921.0      0.0   5888.6      0.0   0.0000   0.1613   0.0000  20.0000   0.0000
   34    2  78700.3  38894.4  76633.2      0.0   3712.5   2931.1      0.0   5888.6      0.0   0.0000   0.1613   0.0000  20.0000   0.0000
   35    6  78314.8  38924.5  76726.8      0.0   3770.5   2929.4      0.0   6235.9      0.0   0.0000   0.1613   0.0000  20.0000   0.0000
   36    7  78718.9  39217.0  76826.6      0.0   3742.4   2915.0      0.0   6118.1      0.0   0.0000   0.1613   0.0000  20.0000   0.0000
   37    5  78337.0  38934.6  76609.9      0.0   3803.2   2923.4      0.0   5960.5      0.0   0.0000   0.1613   0.0000  20.0000   0.0000
   38    2  78169.0  39049.9  77094.9      0.0   3806.5   2926.6      0.0   5888.6      0.0   0.0000   0.1613   0.0000  20.0000   0.0000
   39    1  78458.4  38781.6  76592.0      0.0   3737.0   2927.6      0.0   6131.9      0.0   0.0000   0.1613   0.0000  20.0000   0.0000
   40    6  78296.7  39253.3  77145.4      0.0   3829.7   2920.4      0.0   6235.9      0.0   0.0000   0.1613   0.0000  20.0000   0.0000
   41    1  77771.7  38698.6  75889.4      0.0   3680.1   2920.1      0.0   6131.9      0.0   0.0000   0.1613   0.0000  20.0000   0.0000
   42    3  78138.2  38858.7  76906.1      0.0   3781.9   2923.9      0.0   6157.9      0.0   0.0000   0.1613   0.0000  20.0000   0.0000
   43    6  78550.2  39026.8  76778.9      0.0   3809.7   2924.7      0.0   6235.9      0.0   0.0000   0.1613   0.0000  20.0000   0.0000
   44    4  78570.8  38956.8  76401.4      0.0   3728.6   2934.1      0.0   5917.7      0.0   0.0000   0.1613   0.0000  20.0000   0.0000
   45    4  78211.3  38566.9  76611.9      0.0   3736.4   2926.8      0.0   5917.7      0.0   0.0000   0.1613   0.0000  20.0000   0.0000
   46    1  78527.4  38933.9  76651.6      0.0   3664.2   2919.6      0.0   6131.9      0.0   0.0000   0.1613   0.0000  20.0000   0.0000
   47    4  78133.5  38850.9  76666.0      0.0   3768.8   2936.1      0.0   5917.7      0.0   0.0000   0.1613   0.0000  20.0000   0.0000
   48    4  78084.6  39039.9  76877.2      0.0   3694.8   2921.8      0.0   5917.7      0.0   0.0000   0.1613   0.0000  20.0000   0.0000
   49    5  78314.4  38820.5  76594.9      0.0   3788.6   2918.5      0.0   5960.5      0.0   0.0000   0.1613   0.0000  20.0000   0.0000
   50    3  78362.4  39181.4  76542.6      0.0   3748.8   2921.6      0.0   6157.9      0.0   0.0000   0.1613   0.0000  20.0000   0.0000
   51    6  78543.9  38663.5  76995.2      0.0   3745.2   2924.0      0.0   6235.9      0.0   0.0000   0.1613   0.0000  20.0000   0.0000
   52    6  77895.6  39122.8  77033.8      0.0   3682.5   2930.2      0.0   6235.9      0.0   0.0000   0.1613   0.0000  20.0000   0.0000
   53    1  78285.5  39069.2  76652.5      0.0   3758.5   2919.7      0.0   6131.9      0.0   0.0000   0.1613   0.0000  20.0000   0.0000
   54    7  77998.3  38940.3  77458.5      0.0   3733.6   2920.2      0.0   6118.1      0.0   0.0000   0.1613   0.0000  20.0000   0.0000
   55    1  78088.1  38916.0  76604.5      0.0   3824.9   2921.1      0.0   6131.9      0.0   0.0000   0.1613   0.0000  20.0000   0.0000
   56    4  78393.9  39103.1  77070.3      0.0   3728.9   2921.7      0.0   5917.7      0.0   0.0000   0.1613   0.0000  20.0000   0.0000
   57    2  78225.3  38921.5  76545.6      0.0   3794.9   2920.3      0.0   5888.6      0.0   0.0000   0.1613   0.0000  20.0000   0.0000
   58    3  78595.1  38932.7  76641.3      0.0   3786.9   2922.2      0.0   6157.9      0.0   0.0000   0.1613   0.0000  20.0000   0.0000
   59    6  78880.4  39259.9  76960.8      0.0   3928.2   2925.1      0.0   6235.9      0.0   0.0000   0.1613   0.0000  20.0000   0.0000
   60    6  78785.2  38762.9  77083.7      0.0   3788.3   2918.2      0.0   6235.9      0.0   0.0000   0.1613   0.0000  20.0000   0.0000
   61    6  78455.5  39353.3  76536.9      0.0   3772.4   2919.0      0.0   6235.9      0.0   0.0000   0.1613   0.0000  20.0000   0.0000
   62    5  78269.6  38904.4  76912.4      0.0   3762.5   2923.9      0.0   5960.5      0.0   0.0000   0.1613   0.0000  20.0000   0.0000
   63    1  78242.1  39129.4  77050.4      0.0   3853.7   2919.7      0.0   6131.9      0.0   0.0000   0.1613   0.0000  20.0000   0.0000
   64    1  78409.4  39185.4  76290.6      0.0   3814.7   2924.8      0.0   6131.9      0.0   0.0000   0.1613   0.0000  20.0000   0.0000
   65    5  78249.4  38713.7  76903.8      0.0   3849.9   2926.0      0.0   5960.5      0.0   0.0000   0.1613   0.0000  20.0000   0.0000
   66    7  78099.3  39014.8  76626.4      0.0   3834.1   2917.0      0.0   6118.1      0.0   0.0000   0.1613   0.0000  20.0000   0.0000
   67    5  78157.7  39134.0  76520.8      0.0   3810.2   2925.8      0.0   5960.5      0.0   0.0000   0.1613   0.0000  20.0000   0.0000
   68    2  78427.4  38668.5  77131.7      0.0   3824.4   2924.8      0.0   5888.6      0.0   0.0000   0.1613   0.0000  20.0000   0.0000
   69    4  78529.6  38669.6  76492.6      0.0   3715.4   2916.3      0.0   5917.7      0.0   0.0000   0.1613   0.0000  20.0000   0.0000
   70    1  77981.1  38750.2  76914.6      0.0   3843.0   2918.6      0.0   6131.9      0.0   0.0000   0.1613   0.0000  20.0000   0.0000
   71    4  78084.5  38668.1  76714.5      0.0   3848.7   2904.5      0.0   5917.7      0.0   0.0000   0.1613   0.0000  20.0000   0.0000
   72    5  78243.4  39007.3  76992.8      0.0   3778.0   2927.5      0.0   5960.5      0.0   0.0000   0.1613   0.0000  20.0000   0.0000
   73    6  78846.7  39047.5  76800.9      0.0   3807.8   2918.7      0.0   6235.9      0.0   0.0000   0.1613   0.0000  20.0000   0.0000
   74    1  78091.3  38781.2  76912.0      0.0   3956.6   2931.5      0.0   6131.9      0.0   0.0000   0.1613   0.0000  20.0000   0.0000
   75    5  78056.6  39333.6  77187.5      0.0   3811.8   2924.8      0.0   5960.5      0.0   0.0000   0.1613   0.0000  20.0000   0.0000
   76    3  78754.5  39077.6  76615.2      0.0   3862.4   2926.4      0.0   6157.9      0.0   0.0000   0.1613   0.0000  20.0000   0.0000
   77    6  78171.5  38819.9  76377.9      0.0   3933.9   2932.6      0.0   6235.9      0.0   0.0000   0.1613   0.0000  20.0000   0.0000
   78    4  78062.8  38932.8  76477.4      0.0   3727.2   2910.7      0.0   5917.7      0.0   0.0000   0.1613   0.0000  20.0000   0.0000
   79    4  78157.1  38812.7  77008.7      0.0   3756.3   2923.2      0.0   5917.7      0.0   0.0000   0.1613   0.0000  20.0000   0.0000
   80    3  78357.4  39034.7  77170.2      0.0   3799.6   2929.2      0.0   6157.9      0.0   0.0000   0.1613   0.0000  20.0000   0.0000
   81    2  78503.4  38978.0  77093.3      0.0   3879.1   2912.0      0.0   5888.6      0.0   0.0000   0.1613   0.0000  20.0000   0.0000
   82    5  78369.3  38872.8  76834.0      0.0   3812.2   2921.6      0.0   5960.5      0.0   0.0000   0.1613   0.0000  20.0000   0.0000
   83    4  78405.2  38716.5  76849.9      0.0   3779.3   2914.6      0.0   5917.7      0.0   0.0000   0.1613   0.0000  20.0000   0.0000
   84    1  78328.1  38852.3  76745.7      0.0   3815.0   2926.5      0.0   6131.9      0.0   0.0000   0.1613   0.0000  20.0000   0.0000
   85    2  78384.8  38690.0  76659.9      0.0   3755.9   2923.4      0.0   5888.6      0.0   0.0000   0.1613   0.0000  20.0000   0.0000
   86    2  78694.7  38981.3  76659.0      0.0   3776.2   2925.4      0.0   5888.6      0.0   0.0000   0.1613   0.0000  20.0000   0.0000
   87    6  78658.7  38393.7  77031.8      0.0   3822.4   2921.3      0.0   6235.9      0.0   0.0000   0.1613   0.0000  20.0000   0.0000
   88    2  78376.8  39236.7  76744.6      0.0   3852.7   2916.0      0.0   5888.6      0.0   0.0000   0.1613   0.0000  20.0000   0.0000
   89    1  78410.0  39300.6  76645.6      0.0   3714.2   2921.7      0.0   6131.9      0.0   0.0000   0.1613   0.0000  20.0000   0.0000
   90    5  78308.2  38877.4  76668.8      0.0   3811.1   2932.4      0.0   5960.5      0.0   0.0000   0.1613   0.0000  20.0000   0.0000
   91    1  78301.8  38841.2  76894.1      0.0   3973.8   2925.1      0.0   6131.9      0.0   0.0000   0.1613   0.0000  20.0000   0.0000
   92    6  78146.8  39480.5  76930.7      0.0   3863.5   2925.6      0.0   6235.9      0.0   0.0000   0.1613   0.0000  20.0000   0.0000
   93    1  78256.6  38795.1  76668.1      0.0   3763.2   2933.4      0.0   6131.9      0.0   0.0000   0.1613   0.0000  20.0000   0.0000
   94    3  78453.9  38933.1  76238.6      0.0   3697.1   2929.3      0.0   6157.9      0.0   0.0000   0.1613   0.0000  20.0000   0.0000
   95    6  78149.7  39088.3  76405.3      0.0   3763.0   2916.7      0.0   6235.9      0.0   0.0000   0.1613   0.0000  20.0000   0.0000
   96    2  77914.4  39238.3  76914.6      0.0   3846.9   2921.0      0.0   5888.6      0.0   0.0000   0.1613   0.0000  20.0000   0.0000
   97    3  78271.9  38974.2  77457.7      0.0   3727.6   2926.8      0.0   6157.9      0.0   0.0000   0.1613   0.0000  20.0000   0.0000
   98    2  78378.0  38903.3  76830.8      0.0   3777.7   2918.9      0.0   5888.6      0.0   0.0000   0.1613   0.0000  20.0000   0.0000
   99    1  78192.2  38772.1  76802.1      0.0   3695.9   2922.8      0.0   6131.9      0.0   0.0000   0.1613   0.0000  20.0000   0.0000
  100    5  78066.4  38905.1  77035.0      0.0   3724.9   2911.0      0.0   5960.5      0.0   0.0000   0.1613   0.0000  20.0000   0.0000
  101    7  78240.8  38806.1  76736.0      0.0   3725.3   2930.9      0.0   6118.1      0.0   0.0000   0.1613   0.0000  20.0000   0.0000
  102    5  78798.3  38852.5  77092.5      0.0   3851.7   2927.5      0.0   5960.5      0.0   0.0000   0.1613   0.0000  20.0000   0.0000
  103    7  78109.7  39267.0  76886.9      0.0   3853.4   2916.4      0.0   6118.1      0.0   0.0000   0.1613   0.0000  20.0000   0.0000
  104    6  78292.6  38843.9  76920.9      0.0   3701.4   2910.4      0.0   6235.9      0.0   0.0000   0.1613   0.0000  20.0000   0.0000
  105    4  78228.5  39120.5  76775.5      0.0   3788.9   2929.1      0.0   5917.7      0.0   0.0000   0.1613   0.0000  20.0000   0.0000
  106    2  78351.5  39028.4  76631.8      0.0   3703.7   2916.0      0.0   5888.6      0.0   0.0000   0.1613   0.0000  20.0000   0.0000
  107    3  78525.3  38932.7  76754.6      0.0   3724.5   2923.2      0.0   6157.9      0.0   0.0000   0.1613   0.0000  20.0000   0.0000
  108    6  78584.6  38943.6  76563.4      0.0   3788.4   2923.6      0.0   6235.9      0.0   0.0000   0.1613   0.0000  20.0000   0.0000
  109    7  78215.0  39065.3  76926.0      0.0   3800.9   2927.0      0.0   6118.1      0.0   0.0000   0.1613   0.0000  20.0000   0.0000
  110    6  78237.0  38905.6  76601.5      0.0   3809.4   2919.9      0.0   6235.9      0.0   0.0000   0.1613   0.0000  20.0000   0.0000
  111    3  78153.0  38996.8  76967.6      0.0   3778.8   2931.5      0.0   6157.9      0.0   0.0000   0.1613   0.0000  20.0000   0.0000
  112    7  78490.1  38943.7  76995.1      0.0   3737.3   2926.1      0.0   6118.1      0.0   0.0000   0.1613   0.0000  20.0000   0.0000
  113    5  77932.3  39098.4  76710.4      0.0   3818.5   2932.7      0.0   5960.5      0.0   0.0000   0.1613   0.0000  20.0000   0.0000
  114    5  78445.8  38900.0  77181.9      0.0   3889.6   2921.6      0.0   5960.5      0.0   0.0000   0.1613   0.0000  20.0000   0.0000
  115    3  78387.5  38995.5  77045.6      0.0   3745.7   2911.3      0.0   6157.9      0.0   0.0000   0.1613   0.0000  20.0000   0.0000
  116    2  78405.0  38819.2  76736.8      0.0   3917.9   2917.7      0.0   5888.6      0.0   0.0000   0.1613   0.0000  20.0000   0.0000
  117    2  78101.9  38986.6  76999.6      0.0   3785.1   2926.6      0.0   5888.6      0.0   0.0000   0.1613   0.0000  20.0000   0.0000
  118    5  77992.6  38550.5  76958.6      0.0   3766.0   2924.1      0.0   5960.5      0.0   0.0000   0.1613   0.0000  20.0000   0.0000
  119    7  78261.3  39089.8  77099.5      0.0   3751.4   2925.7      0.0   6118.1      0.0   0.0000   0.1613   0.0000  20.0000   0.0000
  120    7  78304.5  39246.7  76576.4      0.0   3811.6   2912.0      0.0   6118.1      0.0   0.0000   0.1613   0.0000  20.0000   0.0000
  121    7  78383.4  39014.3  76920.8      0.0   3790.6   2913.4      0.0   6118.1      0.0   0.0000   0.1613   0.0000  20.0000   0.0000
  122    3  78399.6  38775.0  76668.6      0.0   3824.8   2918.3      0.0   6157.9      0.0   0.0000   0.1613   0.0000  20.0000   0.0000
  123    6  78590.4  39022.3  76886.4      0.0   3810.3   2930.0      0.0   6235.9      0.0   0.0000   0.1613   0.0000  20.0000   0.0000
  124    3  78610.9  39021.4  76764.9      0.0   3763.5   2921.5      0.0   6157.9      0.0   0.0000   0.1613   0.0000  20.0000   0.0000
  125    6  78098.3  39139.2  76569.4      0.0   3754.4   2925.7      0.0   6235.9      0.0   0.0000   0.1613   0.0000  20.0000   0.0000
  126    2  78373.6  38974.5  76957.8      0.0   3796.4   2931.2      0.0   5888.6      0.0   0.0000   0.1613   0.0000  20.0000   0.0000
  127    2  78371.1  38733.3  77073.9      0.0   3868.2   2934.9      0.0   5888.6      0.0   0.0000   0.1613   0.0000  20.0000   0.0000
  128    3  78153.0  39250.6  76792.2      0.0   3738.8   2920.9      0.0   6157.9      0.0   0.0000   0.1613   0.0000  20.0000   0.0000
  129    3  78482.4  38949.9  76942.0      0.0   3871.4   2919.3      0.0   6157.9      0.0   0.0000   0.1613   0.0000  20.0000   0.0000
  130    6  78432.4  38969.8  77458.6      0.0   3754.2   2925.9      0.0   6235.9      0.0   0.0000   0.1613   0.0000  20.0000   0.0000
  131    6  78153.6  38790.5  76657.7      0.0   3784.5   2923.7      0.0   6235.9      0.0   0.0000   0.1613   0.0000  20.0000   0.0000
  132    6  78424.4  39149.3  76919.7      0.0   3837.5   2927.6      0.0   6235.9      0.0   0.0000   0.1613   0.0000  20.0000   0.0000
  133    7  78319.7  38507.8  76198.0      0.0   3791.1   2924.1      0.0   6118.1      0.0   0.0000   0.1613   0.0000  20.0000   0.0000
  134    4  78627.4  38886.1  76549.6      0.0   3779.8   2927.1      0.0   5917.7      0.0   0.0000   0.1613   0.0000  20.0000   0.0000
  135    2  77877.3  39297.8  76461.9      0.0   3785.3   2917.2      0.0   5888.6      0.0   0.0000   0.1613   0.0000  20.0000   0.0000
  136    6  78370.7  39131.4  76742.6      0.0   3727.0   2926.9      0.0   6235.9      0.0   0.0000   0.1613   0.0000  20.0000   0.0000
  137    4  77531.1  39009.6  76568.9      0.0   3800.8   2920.1      0.0   5917.7      0.0   0.0000   0.1613   0.0000  20.0000   0.0000
  138    1  78007.8  38987.2  76592.6      0.0   3730.7   2920.5      0.0   6131.9      0.0   0.0000   0.1613   0.0000  20.0000   0.0000
  139    1  77899.8  38962.2  77031.6      0.0   3821.1   2941.5      0.0   6131.9      0.0   0.0000   0.1613   0.0000  20.0000   0.0000
  140    7  78562.0  38972.7  77058.7      0.0   3761.5   2925.0      0.0   6118.1      0.0   0.0000   0.1613   0.0000  20.0000   0.0000
  141    3  78334.6  39013.4  76585.2      0.0   3749.4   2916.5      0.0   6157.9      0.0   0.0000   0.1613   0.0000  20.0000   0.0000
  142    2  78470.2  39004.3  76899.2      0.0   3806.8   2920.8      0.0   5888.6      0.0   0.0000   0.1613   0.0000  20.0000   0.0000
  143    1  78447.0  39187.5  76999.1      0.0   3758.6   2931.8      0.0   6131.9      0.0   0.0000   0.1613   0.0000  20.0000   0.0000
  144    4  78706.8  39120.0  77279.7      0.0   3734.6   2920.4      0.0   5917.7      0.0   0.0000   0.1613   0.0000  20.0000   0.0000
  145    4  78348.4  39094.6  76974.8      0.0   3750.1   2912.4      0.0   5917.7      0.0   0.0000   0.1613   0.0000  20.0000   0.0000
  146    7  78588.0  38932.8  76874.8      0.0   3715.2   2921.2      0.0   6118.1      0.0   0.0000   0.1613   0.0000  20.0000   0.0000
  147    2  78302.8  39133.0  76842.3      0.0   3673.4   2933.7      0.0   5888.6      0.0   0.0000   0.1613   0.0000  20.0000   0.0000
  148    4  78441.5  38742.1  76932.2      0.0   3760.8   2924.4      0.0   5917.7      0.0   0.0000   0.1613   0.0000  20.0000   0.0000
  149    1  78065.0  39168.8  76643.4      0.0   3759.3   2923.5      0.0   6131.9      0.0   0.0000   0.1613   0.0000  20.0000   0.0000
  150    4  78712.2  38969.2  76545.0      0.0   3765.3   2928.5      0.0   5917.7      0.0   0.0000   0.1613   0.0000  20.0000   0.0000
  151    5  78600.3  39141.0  76351.1      0.0   3883.2   2919.4      0.0   5960.5      0.0   0.0000   0.1613   0.0000  20.0000   0.0000
  152    7  78314.0  39265.3  76960.4      0.0   3751.0   2930.2      0.0   6118.1      0.0   0.0000   0.1613   0.0000  20.0000   0.0000
  153    6  77922.7  39051.7  76371.0      0.0   3720.7   2914.8      0.0   6235.9      0.0   0.0000   0.1613   0.0000  20.0000   0.0000
  154    6  77866.2  39144.7  76764.2      0.0   3708.1   2932.3      0.0   6235.9      0.0   0.0000   0.1613   0.0000  20.0000   0.0000
