 IND | id | EBend  | EParll | EShear | ECoupl | E Kap  | E Chi  | EField | EBind  |   M    | Couple |  Chi   |  mu    |  Kap   | Field  |
    1    7  77982.9  38667.8  76647.8      0.0      0.0      0.0      0.0   6118.1      0.0   0.0000   0.0000   0.0000   0.0000   0.0000
    2    2  78092.5  38949.2  76894.3      0.0      0.0      0.0      0.0   5888.6      0.0   0.0000   0.0000   0.0000   0.0000   0.0000
    3    4  77708.3  38896.0  76560.2      0.0      0.0      0.0      0.0   5917.7      0.0   0.0000   0.0000   0.0000   0.0000   0.0000
    4    6  77867.3  39066.2  76437.1      0.0      0.0      0.0      0.0   6235.9      0.0   0.0000   0.0000   0.0000   0.0000   0.0000
    5    1  78442.9  38997.8  76866.5      0.0      0.0      0.0      0.0   6131.9      0.0   0.0000   0.0000   0.0000   0.0000   0.0000
    6    3  78486.9  38882.1  77097.6      0.0      0.0      0.0      0.0   6157.9      0.0   0.0000   0.0000   0.0000   0.0000   0.0000
    7    5  78406.3  38809.3  76452.2      0.0      0.0      0.0      0.0   5960.5      0.0   0.0000   0.0000   0.0000   0.0000   0.0000
    8    7  78448.4  39156.8  76931.9      0.0      0.0      0.0      0.0   6118.1      0.0   0.0000   0.0000   0.0000   0.0000   0.0000
    9    2  78586.9  38998.9  76781.8      0.0      0.0      0.0      0.0   5888.6      0.0   0.0000   0.0000   0.0000   0.0000   0.0000
   10    4  78038.3  38793.7  77819.9      0.0      0.0      0.0      0.0   5917.7      0.0   0.0000   0.0000   0.0000  20.0000   0.0000
   11    6  78302.4  39064.7  76969.1      0.0   3701.3      0.0      0.0   6235.9      0.0   0.0000   0.0000   0.0000  20.0000   0.0000
   12    1  78535.8  38964.8  77152.6      0.0   3893.4      0.0      0.0   6131.9      0.0   0.0000   0.0000   0.0000  20.0000   0.0000
   13    3  78437.4  39154.6  77135.7      0.0   3795.2      0.0      0.0   6157.9      0.0   0.0000   0.0000   0.0000  20.0000   0.0000
   14    5  78262.9  39232.2  76676.8      0.0   3675.2      0.0      0.0   5960.5      0.0   0.0000   0.0000   0.0000  20.0000   0.0000
   15    1  79014.7  39248.3  76813.7      0.0   3794.8   3796.6      0.0   6131.9      0.0   0.0000   0.2105   0.0000  20.0000   0.0000
   16    6  77913.1  38937.5  77209.8      0.0   3589.3   3759.3      0.0   6235.9      0.0   0.0000   0.2096   0.0000  20.0000   0.0000
   17    4  78511.7  38973.9  76910.7      0.0   3764.8   3734.5      0.0   5917.7      0.0   0.0000   0.2071   0.0000  20.0000   0.0000
   18    4  78357.0  38771.9  77223.5      0.0   3790.5   3799.0      0.0   5917.7      0.0   0.0000   0.2110   0.0000  20.0000   0.0000
   19    3  78539.8  39222.3  76945.9      0.0   3781.9   3764.8      0.0   6157.9      0.0   0.0000   0.2083   0.0000  20.0000   0.0000
   20    5  78610.0  38746.4  76576.5      0.0   3759.0   3757.2      0.0   5960.5      0.0   0.0000   0.2078   0.0000  20.0000   0.0000
   21    6  78254.3  38770.5  77310.7      0.0   3684.5   3782.8      0.0   6235.9      0.0   0.0000   0.2092   0.0000  20.0000   0.0000
   22    3  77905.5  38982.9  77263.0      0.0   3717.7   3811.5      0.0   6157.9      0.0   0.0000   0.2113   0.0000  20.0000   0.0000
   23    3  78016.1  38711.7  76857.4      0.0   3742.2   3794.8      0.0   6157.9      0.0   0.0000   0.2106   0.0000  20.0000   0.0000
   24    7  78210.7  38910.8  76315.2      0.0   3794.5   3755.5      0.0   6118.1      0.0   0.0000   0.2077   0.0000  20.0000   0.0000
   25    6  78416.2  38791.8  76996.8      0.0   3775.4   3761.3      0.0   6235.9      0.0   0.0000   0.2077   0.0000  20.0000   0.0000
   26    1  77971.1  39254.0  76775.9      0.0   3745.9   3731.3      0.0   6131.9      0.0   0.0000   0.2077   0.0000  20.0000   0.0000
   27    6  78137.7  39001.2  76791.4      0.0   3721.1   3746.2      0.0   6235.9      0.0   0.0000   0.2077   0.0000  20.0000   0.0000
   28    7  78038.7  39114.6  77181.6      0.0   3692.7   3750.2      0.0   6118.1      0.0   0.0000   0.2077   0.0000  20.0000   0.0000
   29    6  78034.8  38726.9  76730.7      0.0   3729.3   3730.9      0.0   6235.9      0.0   0.0000   0.2077   0.0000  20.0000   0.0000
   30    7  78470.2  38951.2  76853.5      0.0   3761.5   3739.4      0.0   6118.1      0.0   0.0000   0.2077   0.0000  20.0000   0.0000
   31    4  77961.6  39316.1  76811.4      0.0   3825.8   3755.0      0.0   5917.7      0.0   0.0000   0.2077   0.0000  20.0000   0.0000
   32    6  78302.0  39380.7  76592.2      0.0   3816.7   3746.2      0.0   6235.9      0.0   0.0000   0.2077   0.0000  20.0000   0.0000
   33    6  78359.1  38781.4  76687.4      0.0   3832.8   3747.1      0.0   6235.9      0.0   0.0000   0.2077   0.0000  20.0000   0.0000
   34    7  77987.2  39169.9  77077.0      0.0   3696.3   3748.3      0.0   6118.1      0.0   0.0000   0.2077   0.0000  20.0000   0.0000
   35    5  78539.0  38732.0  77001.6      0.0   3777.4   3739.1      0.0   5960.5      0.0   0.0000   0.2077   0.0000  20.0000   0.0000
   36    1  78723.8  39201.6  76472.8      0.0   3857.3   3734.4      0.0   6131.9      0.0   0.0000   0.2077   0.0000  20.0000   0.0000
   37    6  78526.4  39091.0  76798.9      0.0   3707.1   3739.8      0.0   6235.9      0.0   0.0000   0.2077   0.0000  20.0000   0.0000
   38    3  77727.1  38876.5  76360.0      0.0   3758.9   3741.5      0.0   6157.9      0.0   0.0000   0.2077   0.0000  20.0000   0.0000
   39    7  78507.4  38913.6  77152.5      0.0   3786.4   3733.5      0.0   6118.1      0.0   0.0000   0.2077   0.0000  20.0000   0.0000
   40    4  78568.5  38687.5  77389.0      0.0   3675.5   3738.8      0.0   5917.7      0.0   0.0000   0.2077   0.0000  20.0000   0.0000
   41    3  78482.9  38757.1  76805.3      0.0   3712.4   3768.2      0.0   6157.9      0.0   0.0000   0.2077   0.0000  20.0000   0.0000
   42    7  78161.9  39125.6  76931.6      0.0   3775.8   3753.7      0.0   6118.1      0.0   0.0000   0.2077   0.0000  20.0000   0.0000
   43    1  78591.4  39055.6  76787.7      0.0   3631.3   3747.5      0.0   6131.9      0.0   0.0000   0.2077   0.0000  20.0000   0.0000
   44    1  78334.4  39301.5  76797.7      0.0   3843.8   3748.1      0.0   6131.9      0.0   0.0000   0.2077   0.0000  20.0000   0.0000
   45    7  78357.3  38606.3  77129.4      0.0   3702.3   3751.5      0.0   6118.1      0.0   0.0000   0.2077   0.0000  20.0000   0.0000
   46    3  78360.9  39019.5  76900.7      0.0   3792.5   3742.5      0.0   6157.9      0.0   0.0000   0.2077   0.0000  20.0000   0.0000
   47    5  78352.2  38999.0  77010.8      0.0   3756.5   3765.9      0.0   5960.5      0.0   0.0000   0.2077   0.0000  20.0000   0.0000
   48    2  77691.8  38876.8  76953.1      0.0   3798.6   3726.8      0.0   5888.6      0.0   0.0000   0.2077   0.0000  20.0000   0.0000
   49    7  78188.3  38748.5  76683.3      0.0   3701.9   3725.6      0.0   6118.1      0.0   0.0000   0.2077   0.0000  20.0000   0.0000
   50    2  78444.9  39079.2  77088.9      0.0   3743.3   3751.3      0.0   5888.6      0.0   0.0000   0.2077   0.0000  20.0000   0.0000
   51    1  78496.7  39400.0  77152.8      0.0   3686.9   3731.7      0.0   6131.9      0.0   0.0000   0.2077   0.0000  20.0000   0.0000
   52    1  78154.4  39134.8  76936.3      0.0   3810.2   3755.5      0.0   6131.9      0.0   0.0000   0.2077   0.0000  20.0000   0.0000
   53    2  78371.5  38822.9  76729.9      0.0   3682.2   3748.2      0.0   5888.6      0.0   0.0000   0.2077   0.0000  20.0000   0.0000
   54    2  78618.2  38852.4  76403.7      0.0   3703.3   3741.4      0.0   5888.6      0.0   0.0000   0.2077   0.0000  20.0000   0.0000
   55    6  78008.1  38885.8  77050.9      0.0   3734.1   3757.1      0.0   6235.9      0.0   0.0000   0.2077   0.0000  20.0000   0.0000
   56    3  78528.1  39320.0  76762.3      0.0   3759.0   3753.7      0.0   6157.9      0.0   0.0000   0.2077   0.0000  20.0000   0.0000
   57    1  78196.9  39259.5  76791.2      0.0   3691.2   3750.4      0.0   6131.9      0.0   0.0000   0.2077   0.0000  20.0000   0.0000
   58    1  78513.3  38673.7  76632.0      0.0   3705.6   3737.9      0.0   6131.9      0.0   0.0000   0.2077   0.0000  20.0000   0.0000
   59    7  78058.7  38819.4  76613.7      0.0   3778.1   3734.7      0.0   6118.1      0.0   0.0000   0.2077   0.0000  20.0000   0.0000
   60    1  78310.7  39041.0  76645.7      0.0   3792.5   3736.3      0.0   6131.9      0.0   0.0000   0.2077   0.0000  20.0000   0.0000
   61    7  78270.4  39011.0  76840.6      0.0   3846.3   3727.1      0.0   6118.1      0.0   0.0000   0.2077   0.0000  20.0000   0.0000
   62    4  78574.1  39102.3  76365.0      0.0   3817.5   3743.0      0.0   5917.7      0.0   0.0000   0.2077   0.0000  20.0000   0.0000
   63    7  78354.1  39190.9  76819.2      0.0   3739.7   3752.8      0.0   6118.1      0.0   0.0000   0.2077   0.0000  20.0000   0.0000
   64    7  78107.4  39168.3  77103.0      0.0   3814.6   3755.2      0.0   6118.1      0.0   0.0000   0.2077   0.0000  20.0000   0.0000
   65    4  78225.3  39094.8  76848.4      0.0   3828.9   3737.8      0.0   5917.7      0.0   0.0000   0.2077   0.0000  20.0000   0.0000
   66    3  78552.0  39261.2  76757.9      0.0   3722.5   3740.7      0.0   6157.9      0.0   0.0000   0.2077   0.0000  20.0000   0.0000
   67    3  78689.2  38956.8  76319.6      0.0   3799.9   3753.5      0.0   6157.9      0.0   0.0000   0.2077   0.0000  20.0000   0.0000
   68    4  78343.6  39167.5  77277.1      0.0   3757.1   3749.0      0.0   5917.7      0.0   0.0000   0.2077   0.0000  20.0000   0.0000
   69    2  78515.8  39137.1  76854.7      0.0   3787.7   3753.6      0.0   5888.6      0.0   0.0000   0.2077   0.0000  20.0000   0.0000
   70    7  78314.7  39324.4  76451.5      0.0   3844.4   3736.1      0.0   6118.1      0.0   0.0000   0.2077   0.0000  20.0000   0.0000
   71    3  78446.5  38704.4  77431.3      0.0   3714.3   3739.2      0.0   6157.9      0.0   0.0000   0.2077   0.0000  20.0000   0.0000
   72    1  78149.2  38565.6  76780.5      0.0   3766.0   3754.7      0.0   6131.9      0.0   0.0000   0.2077   0.0000  20.0000   0.0000
   73    5  78366.6  39311.5  76617.8      0.0   3698.0   3748.4      0.0   5960.5      0.0   0.0000   0.2077   0.0000  20.0000   0.0000
   74    6  77956.8  38822.8  77044.0      0.0   3829.5   3746.8      0.0   6235.9      0.0   0.0000   0.2077   0.0000  20.0000   0.0000
   75    2  78147.5  39140.1  76606.5      0.0   3628.8   3752.4      0.0   5888.6      0.0   0.0000   0.2077   0.0000  20.0000   0.0000
   76    7  78572.1  38576.4  77199.3      0.0   3815.9   3746.6      0.0   6118.1      0.0   0.0000   0.2077   0.0000  20.0000   0.0000
   77    7  78574.3  39083.2  76834.5      0.0   3762.5   3737.8      0.0   6118.1      0.0   0.0000   0.2077   0.0000  20.0000   0.0000
   78    7  78375.3  38919.7  76869.9      0.0   3767.1   3748.0      0.0   6118.1      0.0   0.0000   0.2077   0.0000  20.0000   0.0000
   79    5  77619.6  39153.0  77070.9      0.0   3765.8   3737.2      0.0   5960.5      0.0   0.0000   0.2077   0.0000  20.0000   0.0000
   80    6  78625.3  39161.7  76678.0      0.0   3763.0   3740.3      0.0   6235.9      0.0   0.0000   0.2077   0.0000  20.0000   0.0000
   81    6  77786.1  38855.0  77189.6      0.0   3853.3   3742.4      0.0   6235.9      0.0   0.0000   0.2077   0.0000  20.0000   0.0000
   82    2  77955.5  38976.9  77139.9      0.0   3700.3   3740.7      0.0   5888.6      0.0   0.0000   0.2077   0.0000  20.0000   0.0000
   83    3  78137.1  39052.1  76706.9      0.0   3866.2   3741.4      0.0   6157.9      0.0   0.0000   0.2077   0.0000  20.0000   0.0000
   84    6  78044.3  38747.6  76610.9      0.0   3692.6   3749.1      0.0   6235.9      0.0   0.0000   0.2077   0.0000  20.0000   0.0000
   85    7  78053.6  38924.7  76832.9      0.0   3814.8   3760.0      0.0   6118.1      0.0   0.0000   0.2077   0.0000  20.0000   0.0000
   86    3  78367.6  38923.2  76653.9      0.0   3727.9   3741.4      0.0   6157.9      0.0   0.0000   0.2077   0.0000  20.0000   0.0000
   87    7  78322.2  39471.0  76753.0      0.0   3829.1   3744.2      0.0   6118.1      0.0   0.0000   0.2077   0.0000  20.0000   0.0000
   88    7  78884.5  39046.3  76759.2      0.0   3760.1   3732.8      0.0   6118.1      0.0   0.0000   0.2077   0.0000  20.0000   0.0000
   89    3  78300.6  39145.7  77042.9      0.0   3851.1   3729.2      0.0   6157.9      0.0   0.0000   0.2077   0.0000  20.0000   0.0000
   90    1  78398.6  38823.2  76559.5      0.0   3842.0   3715.7      0.0   6131.9      0.0   0.0000   0.2077   0.0000  20.0000   0.0000
   91    2  78164.3  38626.5  76258.9      0.0   3763.1   3737.6      0.0   5888.6      0.0   0.0000   0.2077   0.0000  20.0000   0.0000
   92    7  78400.7  38876.2  76884.0      0.0   3770.5   3750.2      0.0   6118.1      0.0   0.0000   0.2077   0.0000  20.0000   0.0000
   93    4  78425.7  39021.0  76980.5      0.0   3713.3   3752.7      0.0   5917.7      0.0   0.0000   0.2077   0.0000  20.0000   0.0000
   94    4  78645.0  38825.3  76654.3      0.0   3661.4   3729.9      0.0   5917.7      0.0   0.0000   0.2077   0.0000  20.0000   0.0000
   95    5  78549.4  38930.4  76914.0      0.0   3854.8   3741.1      0.0   5960.5      0.0   0.0000   0.2077   0.0000  20.0000   0.0000
   96    1  78093.2  39113.5  76791.6      0.0   3756.1   3739.0      0.0   6131.9      0.0   0.0000   0.2077   0.0000  20.0000   0.0000
   97    2  77871.1  39034.9  76725.0      0.0   3841.8   3744.9      0.0   5888.6      0.0   0.0000   0.2077   0.0000  20.0000   0.0000
   98    7  78010.7  39190.8  76706.4      0.0   3673.8   3743.1      0.0   6118.1      0.0   0.0000   0.2077   0.0000  20.0000   0.0000
   99    2  78911.1  38869.0  76870.8      0.0   3701.2   3761.9      0.0   5888.6      0.0   0.0000   0.2077   0.0000  20.0000   0.0000
  100    7  78732.2  38930.1  76672.0      0.0   3811.5   3742.7      0.0   6118.1      0.0   0.0000   0.2077   0.0000  20.0000   0.0000
  101    4  78620.1  38907.4  77138.1      0.0   3809.7   3729.6      0.0   5917.7      0.0   0.0000   0.2077   0.0000  20.0000   0.0000
  102    4  78754.4  38625.3  76932.7      0.0   3725.2   3748.0      0.0   5917.7      0.0   0.0000   0.2077   0.0000  20.0000   0.0000
  103    5  78114.4  38784.6  76824.2      0.0   3870.9   3745.3      0.0   5960.5      0.0   0.0000   0.2077   0.0000  20.0000   0.0000
  104    7  78167.9  38832.1  76558.6      0.0   3863.0   3731.0      0.0   6118.1      0.0   0.0000   0.2077   0.0000  20.0000   0.0000
  105    2  78027.5  38748.0  76308.9      0.0   3750.7   3730.9      0.0   5888.6      0.0   0.0000   0.2077   0.0000  20.0000   0.0000
  106    6  78629.3  39179.8  76916.2      0.0   3795.6   3745.1      0.0   6235.9      0.0   0.0000   0.2077   0.0000  20.0000   0.0000
  107    4  78497.9  38781.1  76813.5      0.0   3735.0   3755.4      0.0   5917.7      0.0   0.0000   0.2077   0.0000  20.0000   0.0000
  108    7  78312.6  38967.5  77181.1      0.0   3837.6   3746.4      0.0   6118.1      0.0   0.0000   0.2077   0.0000  20.0000   0.0000
  109    5  78170.6  38754.6  76839.1      0.0   3759.7   3735.4      0.0   5960.5      0.0   0.0000   0.2077   0.0000  20.0000   0.0000
  110    5  77849.7  39085.9  77156.7      0.0   3747.4   3760.4      0.0   5960.5      0.0   0.0000   0.2077   0.0000  20.0000   0.0000
  111    5  78607.7  38869.8  76374.4      0.0   3766.6   3753.4      0.0   5960.5      0.0   0.0000   0.2077   0.0000  20.0000   0.0000
  112    5  78461.4  38636.9  76536.9      0.0   3764.2   3744.5      0.0   5960.5      0.0   0.0000   0.2077   0.0000  20.0000   0.0000
  113    3  78416.3  38989.9  76293.4      0.0   3778.6   3739.7      0.0   6157.9      0.0   0.0000   0.2077   0.0000  20.0000   0.0000
  114    3  78308.4  38479.3  76870.9      0.0   3862.6   3737.8      0.0   6157.9      0.0   0.0000   0.2077   0.0000  20.0000   0.0000
  115    2  78772.0  38771.6  76827.1      0.0   3717.3   3744.3      0.0   5888.6      0.0   0.0000   0.2077   0.0000  20.0000   0.0000
  116    6  78229.8  38960.1  76879.1      0.0   3718.6   3755.7      0.0   6235.9      0.0   0.0000   0.2077   0.0000  20.0000   0.0000
  117    1  77970.9  38874.4  76649.1      0.0   3854.7   3736.1      0.0   6131.9      0.0   0.0000   0.2077   0.0000  20.0000   0.0000
  118    6  78624.7  39198.5  76795.6      0.0   3763.1   3741.9      0.0   6235.9      0.0   0.0000   0.2077   0.0000  20.0000   0.0000
  119    2  78353.1  38961.1  76774.6      0.0   3685.7   3766.1      0.0   5888.6      0.0   0.0000   0.2077   0.0000  20.0000   0.0000
  120    4  78534.2  38793.3  77084.8      0.0   3722.5   3749.7      0.0   5917.7      0.0   0.0000   0.2077   0.0000  20.0000   0.0000
  121    4  78588.0  39151.6  76592.8      0.0   3758.6   3733.8      0.0   5917.7      0.0   0.0000   0.2077   0.0000  20.0000   0.0000
  122    4  78144.6  39017.7  76661.3      0.0   3640.0   3756.7      0.0   5917.7      0.0   0.0000   0.2077   0.0000  20.0000   0.0000
  123    5  78307.1  39199.2  77514.6      0.0   3725.7   3749.8      0.0   5960.5      0.0   0.0000   0.2077   0.0000  20.0000   0.0000
  124    1  78185.3  38928.7  76618.4      0.0   3737.8   3744.7      0.0   6131.9      0.0   0.0000   0.2077   0.0000  20.0000   0.0000
  125    3  78427.5  39161.9  76519.9      0.0   3734.4   3734.2      0.0   6157.9      0.0   0.0000   0.2077   0.0000  20.0000   0.0000
  126    7  78319.8  39392.1  76936.8      0.0   3718.7   3737.5      0.0   6118.1      0.0   0.0000   0.2077   0.0000  20.0000   0.0000
  127    5  78365.4  39032.9  76582.8      0.0   3814.5   3736.2      0.0   5960.5      0.0   0.0000   0.2077   0.0000  20.0000   0.0000
  128    6  77929.2  39138.4  76784.8      0.0   3741.5   3752.3      0.0   6235.9      0.0   0.0000   0.2077   0.0000  20.0000   0.0000
  129    1  78276.9  38957.2  76742.7      0.0   3747.7   3739.0      0.0   6131.9      0.0   0.0000   0.2077   0.0000  20.0000   0.0000
  130    3  77857.5  38868.6  76580.2      0.0   3775.6   3751.8      0.0   6157.9      0.0   0.0000   0.2077   0.0000  20.0000   0.0000
  131    7  77962.8  38953.3  77021.4      0.0   3820.5   3746.8      0.0   6118.1      0.0   0.0000   0.2077   0.0000  20.0000   0.0000
  132    1  78419.5  39017.0  77017.3      0.0   3807.4   3744.2      0.0   6131.9      0.0   0.0000   0.2077   0.0000  20.0000   0.0000
  133    2  78034.2  39440.0  76906.1      0.0   3738.1   3752.6      0.0   5888.6      0.0   0.0000   0.2077   0.0000  20.0000   0.0000
  134    5  78034.5  38840.0  76854.8      0.0   3768.4   3747.8      0.0   5960.5      0.0   0.0000   0.2077   0.0000  20.0000   0.0000
  135    4  78004.1  39252.9  76863.0      0.0   3763.9   3753.3      0.0   5917.7      0.0   0.0000   0.2077   0.0000  20.0000   0.0000
  136    4  78200.9  39177.9  76723.3      0.0   3767.1   3736.7      0.0   5917.7      0.0   0.0000   0.2077   0.0000  20.0000   0.0000
  137    7  78240.4  38998.0  76690.7      0.0   3839.8   3735.4      0.0   6118.1      0.0   0.0000   0.2077   0.0000  20.0000   0.0000
  138    6  77716.5  38857.4  76712.7      0.0   3798.1   3725.0      0.0   6235.9      0.0   0.0000   0.2077   0.0000  20.0000   0.0000
  139    7  78319.6  39085.5  77130.5      0.0   3757.0   3738.5      0.0   6118.1      0.0   0.0000   0.2077   0.0000  20.0000   0.0000
  140    5  77792.3  39160.2  77083.5      0.0   3716.4   3742.7      0.0   5960.5      0.0   0.0000   0.2077   0.0000  20.0000   0.0000
  141    4  78416.9  38870.6  76853.5      0.0   3776.6   3744.5      0.0   5917.7      0.0   0.0000   0.2077   0.0000  20.0000   0.0000
  142    6  78519.2  38528.4  76651.4      0.0   3806.1   3748.2      0.0   6235.9      0.0   0.0000   0.2077   0.0000  20.0000   0.0000
  143    3  78171.9  38808.0  76900.2      0.0   3861.5   3738.6      0.0   6157.9      0.0   0.0000   0.2077   0.0000  20.0000   0.0000
  144    7  78330.7  39063.9  76611.2      0.0   3700.1   3741.3      0.0   6118.1      0.0   0.0000   0.2077   0.0000  20.0000   0.0000
  145    3  78453.2  38821.8  76412.6      0.0   3820.3   3741.9      0.0   6157.9      0.0   0.0000   0.2077   0.0000  20.0000   0.0000
  146    1  78214.6  38844.9  76768.7      0.0   3659.5   3759.9      0.0   6131.9      0.0   0.0000   0.2077   0.0000  20.0000   0.0000
  147    3  78173.7  38824.2  76332.5      0.0   3687.7   3767.6      0.0   6157.9      0.0   0.0000   0.2077   0.0000  20.0000   0.0000
  148    5  78087.2  39352.2  76566.9      0.0   3747.9   3732.5      0.0   5960.5      0.0   0.0000   0.2077   0.0000  20.0000   0.0000
  149    2  78402.4  38980.9  77103.5      0.0   3728.6   3724.5      0.0   5888.6      0.0   0.0000   0.2077   0.0000  20.0000   0.0000
  150    6  78679.6  38935.8  77055.0      0.0   3777.0   3761.9      0.0   6235.9      0.0   0.0000   0.2077   0.0000  20.0000   0.0000
  151    2  78294.6  38686.1  77003.9      0.0   3740.2   3757.6      0.0   5888.6      0.0   0.0000   0.2077   0.0000  20.0000   0.0000
  152    4  78161.8  38904.3  76818.6      0.0   3800.1   3742.3      0.0   5917.7      0.0   0.0000   0.2077   0.0000  20.0000   0.0000
  153    7  78537.9  38897.0  76556.1      0.0   3756.3   3746.8      0.0   6118.1      0.0   0.0000   0.2077   0.0000  20.0000   0.0000
  154    1  78405.9  39085.4  76980.0      0.0   3826.6   3752.5      0.0   6131.9      0.0   0.0000   0.2077   0.0000  20.0000   0.0000
