 IND | id | EBend  | EParll | EShear | ECoupl | E Kap  | E Chi  | EField | EBind  |   M    | Couple |  Chi   |  mu    |  Kap   | Field  |
    1    1  78159.5  38616.1  77017.2      0.0      0.0      0.0      0.0   6131.9      0.0   0.0000   0.0000   0.0000   0.0000   0.0000
    2    3  78502.8  38755.7  77035.4      0.0      0.0      0.0      0.0   6157.9      0.0   0.0000   0.0000   0.0000   0.0000   0.0000
    3    5  78519.2  39021.1  76831.6      0.0      0.0      0.0      0.0   5960.5      0.0   0.0000   0.0000   0.0000   0.0000   0.0000
    4    7  78661.2  38926.0  76568.3      0.0      0.0      0.0      0.0   6118.1      0.0   0.0000   0.0000   0.0000   0.0000   0.0000
    5    2  78032.0  38534.7  76850.2      0.0      0.0      0.0      0.0   5888.6      0.0   0.0000   0.0000   0.0000   0.0000   0.0000
    6    4  78139.0  38736.2  76648.7      0.0      0.0      0.0      0.0   5917.7      0.0   0.0000   0.0000   0.0000   0.0000   0.0000
    7    6  78402.8  38824.9  76404.8      0.0      0.0      0.0      0.0   6235.9      0.0   0.0000   0.0000   0.0000   0.0000   0.0000
    8    1  78231.1  38859.2  76902.7      0.0      0.0      0.0      0.0   6131.9      0.0   0.0000   0.0000   0.0000   0.0000   0.0000
    9    3  78040.2  38848.5  76591.9      0.0      0.0      0.0      0.0   6157.9      0.0   0.0000   0.0000   0.0000   0.0000   0.0000
   10    5  78415.9  38815.7  76612.3      0.0      0.0      0.0      0.0   5960.5      0.0   0.0000   0.0000   0.0000  20.0000   0.0000
   11    7  78115.8  39126.2  77158.4      0.0   3721.8      0.0      0.0   6118.1      0.0   0.0000   0.0000   0.0000  20.0000   0.0000
   12    2  78306.4  39234.7  76430.7      0.0   3922.1      0.0      0.0   5888.6      0.0   0.0000   0.0000   0.0000  20.0000   0.0000
   13    4  78288.7  38859.4  76967.3      0.0   3732.0      0.0      0.0   5917.7      0.0   0.0000   0.0000   0.0000  20.0000   0.0000
   14    6  78065.5  39068.6  76861.2      0.0   3776.2      0.0      0.0   6235.9      0.0   0.0000   0.0000   0.0000  20.0000   0.0000
   15    5  78163.3  39341.2  76687.7      0.0   3760.8   4538.9      0.0   5960.5      0.0   0.0000   0.2521   0.0000  20.0000   0.0000
   16    7  78287.0  39151.7  76996.9      0.0   3803.6   4467.5      0.0   6118.1      0.0   0.0000   0.2490   0.0000  20.0000   0.0000
   17    3  78262.6  38919.7  76892.0      0.0   3808.5   4495.0      0.0   6157.9      0.0   0.0000   0.2502   0.0000  20.0000   0.0000
   18    1  78247.8  39090.6  76878.8      0.0   3727.6   4522.6      0.0   6131.9      0.0   0.0000   0.2518   0.0000  20.0000   0.0000
   19    6  78649.0  39156.5  77511.9      0.0   3717.9   4485.1      0.0   6235.9      0.0   0.0000   0.2510   0.0000  20.0000   0.0000
   20    6  77893.3  39075.5  76533.3      0.0   3781.2   4449.3      0.0   6235.9      0.0   0.0000   0.2482   0.0000  20.0000   0.0000
   21    1  78192.7  39144.6  76754.3      0.0   3752.4   4523.8      0.0   6131.9      0.0   0.0000   0.2514   0.0000  20.0000   0.0000
   22    5  78279.0  38850.7  76636.6      0.0   3858.1   4542.1      0.0   5960.5      0.0   0.0000   0.2531   0.0000  20.0000   0.0000
   23    6  78529.9  39146.0  76899.3      0.0   3796.9   4487.2      0.0   6235.9      0.0   0.0000   0.2522   0.0000  20.0000   0.0000
   24    6  78471.1  38994.1  76427.0      0.0   3774.6   4486.4      0.0   6235.9      0.0   0.0000   0.2491   0.0000  20.0000   0.0000
   25    4  78298.8  39084.6  76779.1      0.0   3790.8   4462.4      0.0   5917.7      0.0   0.0000   0.2491   0.0000  20.0000   0.0000
   26    3  78332.9  39063.5  76717.4      0.0   3759.6   4477.7      0.0   6157.9      0.0   0.0000   0.2491   0.0000  20.0000   0.0000
   27    5  78131.7  38913.3  76707.3      0.0   3645.9   4469.0      0.0   5960.5      0.0   0.0000   0.2491   0.0000  20.0000   0.0000
   28    5  78500.9  39039.5  76413.5      0.0   3758.2   4471.8      0.0   5960.5      0.0   0.0000   0.2491   0.0000  20.0000   0.0000
   29    2  78147.2  38915.8  77399.1      0.0   3814.3   4444.7      0.0   5888.6      0.0   0.0000   0.2491   0.0000  20.0000   0.0000
   30    2  78415.4  38646.5  77418.1      0.0   3775.7   4479.6      0.0   5888.6      0.0   0.0000   0.2491   0.0000  20.0000   0.0000
   31    1  78389.9  38808.2  76760.3      0.0   3816.5   4480.8      0.0   6131.9      0.0   0.0000   0.2491   0.0000  20.0000   0.0000
   32    4  77897.1  39181.6  76930.7      0.0   3648.0   4471.4      0.0   5917.7      0.0   0.0000   0.2491   0.0000  20.0000   0.0000
   33    3  78504.1  38939.8  76503.9      0.0   3794.0   4462.6      0.0   6157.9      0.0   0.0000   0.2491   0.0000  20.0000   0.0000
   34    1  78563.4  39011.4  77449.8      0.0   3800.6   4472.3      0.0   6131.9      0.0   0.0000   0.2491   0.0000  20.0000   0.0000
   35    7  78441.3  39121.9  76975.1      0.0   3780.7   4479.8      0.0   6118.1      0.0   0.0000   0.2491   0.0000  20.0000   0.0000
   36    4  78248.4  38918.2  76859.1      0.0   3782.1   4476.9      0.0   5917.7      0.0   0.0000   0.2491   0.0000  20.0000   0.0000
   37    7  78480.0  39039.8  77091.5      0.0   3826.1   4471.4      0.0   6118.1      0.0   0.0000   0.2491   0.0000  20.0000   0.0000
   38    7  78084.9  38826.3  76904.3      0.0   3801.1   4465.7      0.0   6118.1      0.0   0.0000   0.2491   0.0000  20.0000   0.0000
   39    4  78416.0  39166.5  76507.5      0.0   3785.6   4475.6      0.0   5917.7      0.0   0.0000   0.2491   0.0000  20.0000   0.0000
   40    7  78813.7  39118.4  77294.8      0.0   3784.5   4459.9      0.0   6118.1      0.0   0.0000   0.2491   0.0000  20.0000   0.0000
   41    4  78186.5  38735.1  76631.4      0.0   3677.7   4462.3      0.0   5917.7      0.0   0.0000   0.2491   0.0000  20.0000   0.0000
   42    4  77993.1  38925.7  76436.6      0.0   3661.9   4456.7      0.0   5917.7      0.0   0.0000   0.2491   0.0000  20.0000   0.0000
   43    3  77949.9  39230.8  76599.9      0.0   3764.5   4474.2      0.0   6157.9      0.0   0.0000   0.2491   0.0000  20.0000   0.0000
   44    7  78753.3  38955.5  77390.4      0.0   3782.5   4488.1      0.0   6118.1      0.0   0.0000   0.2491   0.0000  20.0000   0.0000
   45    6  77870.2  38624.4  77059.0      0.0   3740.1   4485.0      0.0   6235.9      0.0   0.0000   0.2491   0.0000  20.0000   0.0000
   46    5  78972.5  38861.0  76744.7      0.0   3765.3   4453.1      0.0   5960.5      0.0   0.0000   0.2491   0.0000  20.0000   0.0000
   47    6  78219.0  39056.0  76927.2      0.0   3841.4   4475.1      0.0   6235.9      0.0   0.0000   0.2491   0.0000  20.0000   0.0000
   48    3  78243.5  39238.9  77121.2      0.0   3773.7   4452.8      0.0   6157.9      0.0   0.0000   0.2491   0.0000  20.0000   0.0000
   49    1  78480.8  38927.7  76802.9      0.0   3739.2   4478.9      0.0   6131.9      0.0   0.0000   0.2491   0.0000  20.0000   0.0000
   50    1  78101.3  39137.7  76651.7      0.0   3815.8   4478.6      0.0   6131.9      0.0   0.0000   0.2491   0.0000  20.0000   0.0000
   51    5  78385.6  38906.3  76699.6      0.0   3823.2   4461.2      0.0   5960.5      0.0   0.0000   0.2491   0.0000  20.0000   0.0000
   52    7  78540.0  38838.2  77008.8      0.0   3695.3   4463.2      0.0   6118.1      0.0   0.0000   0.2491   0.0000  20.0000   0.0000
   53    4  78314.0  39266.5  76891.0      0.0   3782.9   4461.2      0.0   5917.7      0.0   0.0000   0.2491   0.0000  20.0000   0.0000
   54    3  78529.9  39088.5  77375.8      0.0   3783.4   4443.7      0.0   6157.9      0.0   0.0000   0.2491   0.0000  20.0000   0.0000
   55    7  77787.5  39062.3  76839.9      0.0   3839.3   4439.4      0.0   6118.1      0.0   0.0000   0.2491   0.0000  20.0000   0.0000
   56    7  78239.2  39013.2  76982.8      0.0   3631.9   4458.6      0.0   6118.1      0.0   0.0000   0.2491   0.0000  20.0000   0.0000
   57    7  77952.7  38826.8  76612.3      0.0   3864.4   4466.4      0.0   6118.1      0.0   0.0000   0.2491   0.0000  20.0000   0.0000
   58    2  78212.7  39228.5  76620.8      0.0   3742.4   4472.0      0.0   5888.6      0.0   0.0000   0.2491   0.0000  20.0000   0.0000
   59    2  78185.6  39019.5  76987.5      0.0   3699.8   4478.0      0.0   5888.6      0.0   0.0000   0.2491   0.0000  20.0000   0.0000
   60    3  77955.4  38786.5  76774.7      0.0   3767.9   4469.3      0.0   6157.9      0.0   0.0000   0.2491   0.0000  20.0000   0.0000
   61    4  77824.6  38983.5  77015.3      0.0   3776.2   4477.5      0.0   5917.7      0.0   0.0000   0.2491   0.0000  20.0000   0.0000
   62    6  78147.7  38891.0  77272.6      0.0   3827.5   4491.2      0.0   6235.9      0.0   0.0000   0.2491   0.0000  20.0000   0.0000
   63    2  78161.5  39125.8  76777.2      0.0   3733.9   4480.6      0.0   5888.6      0.0   0.0000   0.2491   0.0000  20.0000   0.0000
   64    6  78401.5  38762.2  76981.5      0.0   3732.2   4476.5      0.0   6235.9      0.0   0.0000   0.2491   0.0000  20.0000   0.0000
   65    6  78421.8  39231.7  76904.7      0.0   3801.8   4475.7      0.0   6235.9      0.0   0.0000   0.2491   0.0000  20.0000   0.0000
   66    5  77916.1  39042.5  76542.6      0.0   3707.4   4459.5      0.0   5960.5      0.0   0.0000   0.2491   0.0000  20.0000   0.0000
   67    7  78601.5  39293.1  76602.7      0.0   3682.1   4465.4      0.0   6118.1      0.0   0.0000   0.2491   0.0000  20.0000   0.0000
   68    5  77815.7  39146.6  76401.8      0.0   3808.2   4452.4      0.0   5960.5      0.0   0.0000   0.2491   0.0000  20.0000   0.0000
   69    3  78279.5  39421.3  76852.6      0.0   3638.5   4471.0      0.0   6157.9      0.0   0.0000   0.2491   0.0000  20.0000   0.0000
   70    2  78259.5  38881.8  77231.6      0.0   3869.8   4466.8      0.0   5888.6      0.0   0.0000   0.2491   0.0000  20.0000   0.0000
   71    1  78292.8  39024.3  76572.6      0.0   3761.1   4472.9      0.0   6131.9      0.0   0.0000   0.2491   0.0000  20.0000   0.0000
   72    3  78336.5  39132.9  76654.1      0.0   3788.4   4486.4      0.0   6157.9      0.0   0.0000   0.2491   0.0000  20.0000   0.0000
   73    4  78228.6  38990.6  77025.9      0.0   3676.5   4457.2      0.0   5917.7      0.0   0.0000   0.2491   0.0000  20.0000   0.0000
   74    2  78734.7  38998.1  76764.4      0.0   3868.3   4446.9      0.0   5888.6      0.0   0.0000   0.2491   0.0000  20.0000   0.0000
   75    7  78182.6  39143.2  76640.3      0.0   3736.1   4458.6      0.0   6118.1      0.0   0.0000   0.2491   0.0000  20.0000   0.0000
   76    1  78301.6  38905.0  76636.8      0.0   3728.5   4479.3      0.0   6131.9      0.0   0.0000   0.2491   0.0000  20.0000   0.0000
   77    5  78538.2  38704.5  76600.5      0.0   3840.2   4479.2      0.0   5960.5      0.0   0.0000   0.2491   0.0000  20.0000   0.0000
   78    2  78599.1  38919.2  76552.0      0.0   3811.9   4477.0      0.0   5888.6      0.0   0.0000   0.2491   0.0000  20.0000   0.0000
   79    2  78238.8  39116.2  76425.7      0.0   3857.2   4473.8      0.0   5888.6      0.0   0.0000   0.2491   0.0000  20.0000   0.0000
   80    7  78315.5  39096.3  76415.0      0.0   3811.6   4471.3      0.0   6118.1      0.0   0.0000   0.2491   0.0000  20.0000   0.0000
   81    4  78353.8  39112.6  77028.7      0.0   3783.0   4453.0      0.0   5917.7      0.0   0.0000   0.2491   0.0000  20.0000   0.0000
   82    7  77881.1  38914.6  76371.1      0.0   3729.3   4470.9      0.0   6118.1      0.0   0.0000   0.2491   0.0000  20.0000   0.0000
   83    5  78340.6  38615.9  76761.9      0.0   3778.7   4468.5      0.0   5960.5      0.0   0.0000   0.2491   0.0000  20.0000   0.0000
   84    5  78764.5  39169.8  76561.6      0.0   3789.7   4465.1      0.0   5960.5      0.0   0.0000   0.2491   0.0000  20.0000   0.0000
   85    5  78592.2  38886.2  77030.2      0.0   3820.2   4455.6      0.0   5960.5      0.0   0.0000   0.2491   0.0000  20.0000   0.0000
   86    5  78553.1  38702.2  76802.2      0.0   3822.5   4477.6      0.0   5960.5      0.0   0.0000   0.2491   0.0000  20.0000   0.0000
   87    2  78613.4  38691.8  76693.9      0.0   3777.3   4470.2      0.0   5888.6      0.0   0.0000   0.2491   0.0000  20.0000   0.0000
   88    6  78230.7  38441.4  76890.3      0.0   3763.6   4464.4      0.0   6235.9      0.0   0.0000   0.2491   0.0000  20.0000   0.0000
   89    4  77946.5  38905.3  76725.1      0.0   3847.8   4479.2      0.0   5917.7      0.0   0.0000   0.2491   0.0000  20.0000   0.0000
   90    4  77819.4  39134.3  76984.0      0.0   3752.7   4461.4      0.0   5917.7      0.0   0.0000   0.2491   0.0000  20.0000   0.0000
   91    5  78265.9  39136.8  76199.9      0.0   3813.8   4471.9      0.0   5960.5      0.0   0.0000   0.2491   0.0000  20.0000   0.0000
   92    1  78122.9  38611.5  76508.8      0.0   3776.8   4477.0      0.0   6131.9      0.0   0.0000   0.2491   0.0000  20.0000   0.0000
   93    6  78162.0  39120.3  76551.7      0.0   3745.9   4482.7      0.0   6235.9      0.0   0.0000   0.2491   0.0000  20.0000   0.0000
   94    5  78736.0  39349.6  76574.3      0.0   3826.2   4467.5      0.0   5960.5      0.0   0.0000   0.2491   0.0000  20.0000   0.0000
   95    7  78569.8  38830.4  77169.8      0.0   3824.4   4457.3      0.0   6118.1      0.0   0.0000   0.2491   0.0000  20.0000   0.0000
   96    4  78797.2  39193.2  76386.0      0.0   3750.8   4482.2      0.0   5917.7      0.0   0.0000   0.2491   0.0000  20.0000   0.0000
   97    5  78394.9  39018.6  76945.6      0.0   3796.1   4468.6      0.0   5960.5      0.0   0.0000   0.2491   0.0000  20.0000   0.0000
   98    6  78153.4  39020.5  76506.6      0.0   3653.6   4479.4      0.0   6235.9      0.0   0.0000   0.2491   0.0000  20.0000   0.0000
   99    4  78160.4  38766.9  76869.1      0.0   3745.9   4478.5      0.0   5917.7      0.0   0.0000   0.2491   0.0000  20.0000   0.0000
  100    3  78107.5  39093.9  77090.2      0.0   3837.0   4456.4      0.0   6157.9      0.0   0.0000   0.2491   0.0000  20.0000   0.0000
  101    2  78343.4  38816.1  76852.4      0.0   3802.3   4455.4      0.0   5888.6      0.0   0.0000   0.2491   0.0000  20.0000   0.0000
  102    7  78380.8  39067.8  76967.6      0.0   3766.2   4473.2      0.0   6118.1      0.0   0.0000   0.2491   0.0000  20.0000   0.0000
  103    6  78593.1  39257.2  76524.0      0.0   3769.8   4476.7      0.0   6235.9      0.0   0.0000   0.2491   0.0000  20.0000   0.0000
  104    5  78365.2  38853.6  76551.7      0.0   3835.7   4476.4      0.0   5960.5      0.0   0.0000   0.2491   0.0000  20.0000   0.0000
  105    6  78664.8  39141.9  76996.3      0.0   3804.0   4469.6      0.0   6235.9      0.0   0.0000   0.2491   0.0000  20.0000   0.0000
  106    1  78607.9  38774.7  77039.3      0.0   3776.1   4467.0      0.0   6131.9      0.0   0.0000   0.2491   0.0000  20.0000   0.0000
  107    7  78348.7  39126.9  76942.5      0.0   3715.1   4469.3      0.0   6118.1      0.0   0.0000   0.2491   0.0000  20.0000   0.0000
  108    4  78550.1  38998.2  76630.0      0.0   3727.6   4481.3      0.0   5917.7      0.0   0.0000   0.2491   0.0000  20.0000   0.0000
  109    2  78143.1  38632.4  76992.9      0.0   3847.4   4463.7      0.0   5888.6      0.0   0.0000   0.2491   0.0000  20.0000   0.0000
  110    3  78243.3  38830.4  76602.4      0.0   3730.0   4481.0      0.0   6157.9      0.0   0.0000   0.2491   0.0000  20.0000   0.0000
  111    6  78340.5  39298.5  76624.0      0.0   3684.8   4466.6      0.0   6235.9      0.0   0.0000   0.2491   0.0000  20.0000   0.0000
  112    4  78495.3  39099.7  76818.7      0.0   3596.6   4462.5      0.0   5917.7      0.0   0.0000   0.2491   0.0000  20.0000   0.0000
  113    6  78572.9  39205.5  76676.6      0.0   3735.3   4467.5      0.0   6235.9      0.0   0.0000   0.2491   0.0000  20.0000   0.0000
  114    2  78394.5  38661.2  76782.9      0.0   3817.6   4474.5      0.0   5888.6      0.0   0.0000   0.2491   0.0000  20.0000   0.0000
  115    7  77946.8  39236.9  76442.5      0.0   3777.6   4483.3      0.0   6118.1      0.0   0.0000   0.2491   0.0000  20.0000   0.0000
  116    4  78078.1  38849.2  77042.3      0.0   3842.9   4461.7      0.0   5917.7      0.0   0.0000   0.2491   0.0000  20.0000   0.0000
  117    3  78509.7  38930.9  76525.5      0.0   3820.4   4479.3      0.0   6157.9      0.0   0.0000   0.2491   0.0000  20.0000   0.0000
  118    4  78302.6  38969.4  76686.3      0.0   3725.2   4463.5      0.0   5917.7      0.0   0.0000   0.2491   0.0000  20.0000   0.0000
  119    1  78203.2  38743.1  77185.0      0.0   3708.9   4469.7      0.0   6131.9      0.0   0.0000   0.2491   0.0000  20.0000   0.0000
  120    5  78448.0  39004.8  77058.0      0.0   3683.9   4465.1      0.0   5960.5      0.0   0.0000   0.2491   0.0000  20.0000   0.0000
  121    6  78124.1  38815.7  76472.1      0.0   3796.8   4469.4      0.0   6235.9      0.0   0.0000   0.2491   0.0000  20.0000   0.0000
  122    5  77803.9  39174.1  76679.9      0.0   3791.0   4462.0      0.0   5960.5      0.0   0.0000   0.2491   0.0000  20.0000   0.0000
  123    3  77771.5  39130.4  76859.1      0.0   3738.0   4479.6      0.0   6157.9      0.0   0.0000   0.2491   0.0000  20.0000   0.0000
  124    6  78050.4  39017.8  76694.6      0.0   3815.2   4463.4      0.0   6235.9      0.0   0.0000   0.2491   0.0000  20.0000   0.0000
  125    1  78384.2  39047.3  76312.1      0.0   3716.1   4463.6      0.0   6131.9      0.0   0.0000   0.2491   0.0000  20.0000   0.0000
  126    5  78795.3  38970.2  76735.9      0.0   3901.7   4466.4      0.0   5960.5      0.0   0.0000   0.2491   0.0000  20.0000   0.0000
  127    7  78090.2  39087.7  76337.1      0.0   3742.1   4471.8      0.0   6118.1      0.0   0.0000   0.2491   0.0000  20.0000   0.0000
  128    4  78164.6  38843.0  76627.3      0.0   3767.1   4452.5      0.0   5917.7      0.0   0.0000   0.2491   0.0000  20.0000   0.0000
  129    7  78542.6  39270.9  76935.7      0.0   3714.0   4463.1      0.0   6118.1      0.0   0.0000   0.2491   0.0000  20.0000   0.0000
  130    7  77612.5  39131.6  76919.5      0.0   3701.1   4493.5      0.0   6118.1      0.0   0.0000   0.2491   0.0000  20.0000   0.0000
  131    4  78200.7  38977.2  76682.2      0.0   3808.3   4454.5      0.0   5917.7      0.0   0.0000   0.2491   0.0000  20.0000   0.0000
  132    2  78241.6  39273.2  76956.0      0.0   3783.4   4489.5      0.0   5888.6      0.0   0.0000   0.2491   0.0000  20.0000   0.0000
  133    3  78430.1  39282.0  76682.4      0.0   3799.0   4484.7      0.0   6157.9      0.0   0.0000   0.2491   0.0000  20.0000   0.0000
  134    6  78196.2  39161.9  76691.9      0.0   3789.2   4488.0      0.0   6235.9      0.0   0.0000   0.2491   0.0000  20.0000   0.0000
  135    5  78180.0  39197.3  76519.1      0.0   3722.7   4465.2      0.0   5960.5      0.0   0.0000   0.2491   0.0000  20.0000   0.0000
  136    2  78535.4  38684.6  76692.4      0.0   3735.3   4479.8      0.0   5888.6      0.0   0.0000   0.2491   0.0000  20.0000   0.0000
  137    1  78105.8  38973.0  76839.4      0.0   3896.7   4484.1      0.0   6131.9      0.0   0.0000   0.2491   0.0000  20.0000   0.0000
  138    3  78586.0  39193.2  76755.2      0.0   3709.6   4498.5      0.0   6157.9      0.0   0.0000   0.2491   0.0000  20.0000   0.0000
  139    3  78475.9  38857.1  76561.6      0.0   3758.6   4432.5      0.0   6157.9      0.0   0.0000   0.2491   0.0000  20.0000   0.0000
  140    4  78419.5  39389.5  77099.4      0.0   3753.0   4487.8      0.0   5917.7      0.0   0.0000   0.2491   0.0000  20.0000   0.0000
  141    5  78076.1  38861.5  77339.6      0.0   3813.7   4467.9      0.0   5960.5      0.0   0.0000   0.2491   0.0000  20.0000   0.0000
  142    1  78456.9  39086.6  76877.1      0.0   3673.8   4464.7      0.0   6131.9      0.0   0.0000   0.2491   0.0000  20.0000   0.0000
  143    2  78250.1  38931.9  76916.1      0.0   3914.1   4486.6      0.0   5888.6      0.0   0.0000   0.2491   0.0000  20.0000   0.0000
  144    6  78554.5  39152.6  77131.9      0.0   3712.4   4474.6      0.0   6235.9      0.0   0.0000   0.2491   0.0000  20.0000   0.0000
  145    7  78207.7  38633.7  76768.7      0.0   3849.3   4476.6      0.0   6118.1      0.0   0.0000   0.2491   0.0000  20.0000   0.0000
  146    5  78178.9  39202.7  77063.2      0.0   3809.8   4467.9      0.0   5960.5      0.0   0.0000   0.2491   0.0000  20.0000   0.0000
  147    5  78401.3  39014.1  76813.8      0.0   3745.0   4465.1      0.0   5960.5      0.0   0.0000   0.2491   0.0000  20.0000   0.0000
  148    6  78640.1  39355.0  76831.5      0.0   3725.0   4495.6      0.0   6235.9      0.0   0.0000   0.2491   0.0000  20.0000   0.0000
  149    4  78367.2  39075.4  77071.3      0.0   3776.7   4448.4      0.0   5917.7      0.0   0.0000   0.2491   0.0000  20.0000   0.0000
  150    2  78395.5  39000.7  76755.3      0.0   3792.7   4476.8      0.0   5888.6      0.0   0.0000   0.2491   0.0000  20.0000   0.0000
  151    6  78481.9  38826.1  76724.5      0.0   3803.1   4464.0      0.0   6235.9      0.0   0.0000   0.2491   0.0000  20.0000   0.0000
  152    3  78334.1  38888.0  76888.3      0.0   3761.0   4466.4      0.0   6157.9      0.0   0.0000   0.2491   0.0000  20.0000   0.0000
  153    4  78555.0  38939.2  76562.6      0.0   3762.7   4461.4      0.0   5917.7      0.0   0.0000   0.2491   0.0000  20.0000   0.0000
  154    2  77682.4  39256.9  76475.7      0.0   3724.3   4475.6      0.0   5888.6      0.0   0.0000   0.2491   0.0000  20.0000   0.0000
