 IND | id | EBend  | EParll | EShear | ECoupl | E Kap  | E Chi  | EField | EBind  |   M    | Couple |  Chi   |  mu    |  Kap   | Field  |
    1   16  78236.3  38741.9  76653.3      0.0      0.0      0.0      0.0   5992.9      0.0   0.0000   0.0000   0.0000   0.0000   0.0000
    2   32  78267.9  38720.1  76813.1      0.0      0.0      0.0      0.0   6077.1      0.0   0.0000   0.0000   0.0000   0.0000   0.0000
    3   48  78160.4  38700.0  77245.9      0.0      0.0      0.0      0.0   5830.8      0.0   0.0000   0.0000   0.0000   0.0000   0.0000
    4   15  78755.7  38865.3  77337.0      0.0      0.0      0.0      0.0   5919.5      0.0   0.0000   0.0000   0.0000   0.0000   0.0000
    5   31  78349.8  38921.1  76696.1      0.0      0.0      0.0      0.0   6011.3      0.0   0.0000   0.0000   0.0000   0.0000   0.0000
    6   47  78548.0  38878.2  77095.1      0.0      0.0      0.0      0.0   6089.3      0.0   0.0000   0.0000   0.0000   0.0000   0.0000
    7   14  78750.5  38870.8  76895.5      0.0      0.0      0.0      0.0   5966.9      0.0   0.0000   0.0000   0.0000   0.0000   0.0000
    8   30  78372.6  38844.7  77009.8      0.0      0.0      0.0      0.0   5732.8      0.0   0.0000   0.0000   0.0000   0.0000   0.0000
    9   46  78158.6  39395.3  76532.9      0.0      0.0      0.0      0.0   6216.3      0.0   0.0000   0.0000   0.0000   0.0000   0.0000
   10   13  78555.2  38766.2  77041.9      0.0      0.0      0.0      0.0   6060.3      0.0   0.0000   0.0000   0.0000  20.0000   0.0000
   11   29  78022.8  39103.4  77211.0      0.0   3778.2      0.0      0.0   5979.2      0.0   0.0000   0.0000   0.0000  20.0000   0.0000
   12   45  78396.8  38668.0  76487.5      0.0   3745.2      0.0      0.0   6185.7      0.0   0.0000   0.0000   0.0000  20.0000   0.0000
   13   12  78074.2  39195.5  76673.8      0.0   3714.1      0.0      0.0   5922.6      0.0   0.0000   0.0000   0.0000  20.0000   0.0000
   14   28  78372.9  39173.6  76797.6      0.0   3641.6      0.0      0.0   6034.2      0.0   0.0000   0.0000   0.0000  20.0000   0.0000
   15   16  79263.3  39770.2  77262.7      0.0   5391.7  69392.7      0.0   5992.9      0.0   0.0000  11.6117   0.0000  20.0000   0.0000
   16   16  79082.3  39411.6  77273.5      0.0   5200.6  63440.2      0.0   5992.9      0.0   0.0000  11.2117   0.0000  20.0000   0.0000
   17   46  79799.3  38680.7  77358.8      0.0   4981.3  59813.0      0.0   6216.3      0.0   0.0000  10.8629   0.0000  20.0000   0.0000
   18   46  79450.8  39372.1  77328.6      0.0   4810.5  57047.5      0.0   6216.3      0.0   0.0000  10.4629   0.0000  20.0000   0.0000
   19   46  79483.5  39274.0  77432.6      0.0   4738.9  54534.0      0.0   6216.3      0.0   0.0000  10.0629   0.0000  20.0000   0.0000
   20   46  79022.2  39093.9  77295.2      0.0   4649.5  52470.8      0.0   6216.3      0.0   0.0000   9.6629   0.0000  20.0000   0.0000
   21   46  79478.1  39315.8  77623.0      0.0   4559.6  50364.3      0.0   6216.3      0.0   0.0000   9.2629   0.0000  20.0000   0.0000
   22   46  79287.1  39487.7  77908.5      0.0   4423.8  48523.0      0.0   6216.3      0.0   0.0000   8.8629   0.0000  20.0000   0.0000
   23   46  79095.9  39067.6  77183.1      0.0   4437.9  46555.8      0.0   6216.3      0.0   0.0000   8.4813   0.0000  20.0000   0.0000
   24   46  79154.6  38969.7  77413.4      0.0   4307.9  44846.0      0.0   6216.3      0.0   0.0000   8.0978   0.0000  20.0000   0.0000
   25   46  79113.5  38838.2  77564.9      0.0   4305.5  44808.5      0.0   6216.3      0.0   0.0000   8.0978   0.0000  20.0000   0.0000
   26   46  79082.0  39044.6  77131.6      0.0   4361.4  44903.1      0.0   6216.3      0.0   0.0000   8.0978   0.0000  20.0000   0.0000
   27   14  78651.7  38607.2  77439.9      0.0   4446.0  44623.4      0.0   5966.9      0.0   0.0000   8.0978   0.0000  20.0000   0.0000
   28   14  78769.6  39073.0  77694.3      0.0   4409.4  44360.8      0.0   5966.9      0.0   0.0000   8.0978   0.0000  20.0000   0.0000
