 IND | id | EBend  | EParll | EShear | ECoupl | E Kap  | E Chi  | EField | EBind  |   M    | Couple |  Chi   |  mu    |  Kap   | Field  |
    1   31  77633.3  38812.6  76734.8      0.0      0.0      0.0      0.0   6011.3      0.0   0.0000   0.0000   0.0000   0.0000   0.0000
    2   47  78292.4  39243.5  76549.9      0.0      0.0      0.0      0.0   6089.3      0.0   0.0000   0.0000   0.0000   0.0000   0.0000
    3   14  78424.0  39029.7  77184.3      0.0      0.0      0.0      0.0   5966.9      0.0   0.0000   0.0000   0.0000   0.0000   0.0000
    4   30  78818.5  39009.2  76830.8      0.0      0.0      0.0      0.0   5732.8      0.0   0.0000   0.0000   0.0000   0.0000   0.0000
    5   46  78748.9  38916.7  77211.5      0.0      0.0      0.0      0.0   6216.3      0.0   0.0000   0.0000   0.0000   0.0000   0.0000
    6   13  78514.4  39128.1  76873.6      0.0      0.0      0.0      0.0   6060.3      0.0   0.0000   0.0000   0.0000   0.0000   0.0000
    7   29  78015.7  38811.0  76519.7      0.0      0.0      0.0      0.0   5979.2      0.0   0.0000   0.0000   0.0000   0.0000   0.0000
    8   45  78000.5  39109.6  76751.6      0.0      0.0      0.0      0.0   6185.7      0.0   0.0000   0.0000   0.0000   0.0000   0.0000
    9   12  78044.6  38948.4  77023.7      0.0      0.0      0.0      0.0   5922.6      0.0   0.0000   0.0000   0.0000   0.0000   0.0000
   10   28  78321.6  38819.8  76934.2      0.0      0.0      0.0      0.0   6034.2      0.0   0.0000   0.0000   0.0000  20.0000   0.0000
   11   44  78329.3  39247.0  77033.6      0.0   3631.0      0.0      0.0   6002.1      0.0   0.0000   0.0000   0.0000  20.0000   0.0000
   12   11  78374.1  38993.8  76628.8      0.0   3750.3      0.0      0.0   6155.1      0.0   0.0000   0.0000   0.0000  20.0000   0.0000
   13   27  78659.5  38764.1  76760.9      0.0   3717.9      0.0      0.0   5884.3      0.0   0.0000   0.0000   0.0000  20.0000   0.0000
   14   43  78266.8  39009.2  76934.0      0.0   3749.2      0.0      0.0   5996.0      0.0   0.0000   0.0000   0.0000  20.0000   0.0000
   15    9  78846.6  38957.3  76952.8      0.0   3891.9  26740.3      0.0   6052.6      0.0   0.0000   3.2735   0.0000  20.0000   0.0000
   16   23  78585.0  39008.1  76688.2      0.0   3992.0  23195.2      0.0   6101.6      0.0   0.0000   2.8735   0.0000  20.0000   0.0000
   17   19  78686.2  39117.4  77229.8      0.0   3754.8  20285.6      0.0   5862.9      0.0   0.0000   2.4735   0.0000  20.0000   0.0000
   18   19  78140.5  38931.5  77025.6      0.0   3817.8  17937.9      0.0   5862.9      0.0   0.0000   2.0735   0.0000  20.0000   0.0000
   19   19  78273.2  38925.3  76469.4      0.0   3776.0  15597.5      0.0   5862.9      0.0   0.0000   1.6735   0.0000  20.0000   0.0000
   20   19  78910.5  39469.6  76588.6      0.0   3734.2  13922.3      0.0   5862.9      0.0   0.0000   1.2735   0.0000  20.0000   0.0000
   21   19  77884.9  39009.5  76968.1      0.0   3691.6  11811.6      0.0   5862.9      0.0   0.0000   0.8735   0.0000  20.0000   0.0000
   22   19  77735.4  38933.0  76915.0      0.0   3792.3  10063.1      0.0   5862.9      0.0   0.0000   0.6326   0.0000  20.0000   0.0000
   23   28  78893.1  39115.7  77157.4      0.0   3783.8   9812.2      0.0   6034.2      0.0   0.0000   0.6191   0.0000  20.0000   0.0000
   24   28  78255.0  38933.8  76845.4      0.0   3763.7   9762.4      0.0   6034.2      0.0   0.0000   0.6148   0.0000  20.0000   0.0000
   25   30  78584.4  39040.9  76812.4      0.0   3832.8   9721.5      0.0   5732.8      0.0   0.0000   0.6148   0.0000  20.0000   0.0000
   26   49  78030.8  38973.5  76512.1      0.0   3717.1   9852.6      0.0   6038.8      0.0   0.0000   0.6148   0.0000  20.0000   0.0000
   27   32  78318.6  39097.5  76919.0      0.0   3660.6   9845.0      0.0   6077.1      0.0   0.0000   0.6148   0.0000  20.0000   0.0000
   28   49  78160.0  39449.3  77050.0      0.0   3738.3   9846.9      0.0   6038.8      0.0   0.0000   0.6148   0.0000  20.0000   0.0000
