 IND | id | EBend  | EParll | EShear | ECoupl | E Kap  | E Chi  | EField | EBind  |   M    | Couple |  Chi   |  mu    |  Kap   | Field  |
    1   46  78230.8  38815.4  76614.3      0.0      0.0      0.0      0.0   6216.3      0.0   0.0000   0.0000   0.0000   0.0000   0.0000
    2   13  78152.2  39093.1  76863.3      0.0      0.0      0.0      0.0   6060.3      0.0   0.0000   0.0000   0.0000   0.0000   0.0000
    3   29  78351.5  38769.6  76960.3      0.0      0.0      0.0      0.0   5979.2      0.0   0.0000   0.0000   0.0000   0.0000   0.0000
    4   45  78154.1  38948.0  76788.8      0.0      0.0      0.0      0.0   6185.7      0.0   0.0000   0.0000   0.0000   0.0000   0.0000
    5   12  78251.8  38827.2  77138.7      0.0      0.0      0.0      0.0   5922.6      0.0   0.0000   0.0000   0.0000   0.0000   0.0000
    6   28  78501.4  38935.0  76881.4      0.0      0.0      0.0      0.0   6034.2      0.0   0.0000   0.0000   0.0000   0.0000   0.0000
    7   44  78461.7  38887.8  77066.5      0.0      0.0      0.0      0.0   6002.1      0.0   0.0000   0.0000   0.0000   0.0000   0.0000
    8   11  78085.4  39283.3  76736.4      0.0      0.0      0.0      0.0   6155.1      0.0   0.0000   0.0000   0.0000   0.0000   0.0000
    9   27  78098.9  38761.4  76799.4      0.0      0.0      0.0      0.0   5884.3      0.0   0.0000   0.0000   0.0000   0.0000   0.0000
   10   43  78676.1  39033.8  77362.9      0.0      0.0      0.0      0.0   5996.0      0.0   0.0000   0.0000   0.0000  20.0000   0.0000
   11   10  78114.4  39009.2  76319.5      0.0   3704.3      0.0      0.0   6142.9      0.0   0.0000   0.0000   0.0000  20.0000   0.0000
   12   26  78130.7  39064.7  76577.1      0.0   3753.3      0.0      0.0   5922.6      0.0   0.0000   0.0000   0.0000  20.0000   0.0000
   13   42  78445.4  39072.9  77245.9      0.0   3829.4      0.0      0.0   6254.6      0.0   0.0000   0.0000   0.0000  20.0000   0.0000
   14    9  78074.5  39498.7  76847.8      0.0   3732.3      0.0      0.0   6052.6      0.0   0.0000   0.0000   0.0000  20.0000   0.0000
   15   26  79316.0  39114.6  77392.6      0.0   4544.7  47533.3      0.0   5922.6      0.0   0.0000   6.9669   0.0000  20.0000   0.0000
   16   24  78876.7  39457.3  77188.6      0.0   4389.9  43379.2      0.0   5927.1      0.0   0.0000   6.5792   0.0000  20.0000   0.0000
   17   25  78665.9  39011.0  76999.5      0.0   4230.0  39968.0      0.0   5862.9      0.0   0.0000   6.1920   0.0000  20.0000   0.0000
   18   25  79255.7  39275.4  76707.2      0.0   4216.2  37981.3      0.0   5862.9      0.0   0.0000   5.7920   0.0000  20.0000   0.0000
   19   25  78326.5  38896.0  77076.7      0.0   4184.1  35607.0      0.0   5862.9      0.0   0.0000   5.3920   0.0000  20.0000   0.0000
   20   20  78882.5  39086.1  76918.5      0.0   4127.4  32921.6      0.0   5974.6      0.0   0.0000   4.9920   0.0000  20.0000   0.0000
   21   24  78927.2  39302.3  76833.4      0.0   4022.5  30314.6      0.0   5927.1      0.0   0.0000   4.5920   0.0000  20.0000   0.0000
   22   24  78567.9  38994.8  76900.7      0.0   4078.2  28800.6      0.0   5927.1      0.0   0.0000   4.1920   0.0000  20.0000   0.0000
   23   41  79010.4  39202.2  76704.6      0.0   3989.4  26807.5      0.0   6012.8      0.0   0.0000   3.7920   0.0000  20.0000   0.0000
   24   41  79240.9  39092.9  76747.3      0.0   3834.5  24675.3      0.0   6012.8      0.0   0.0000   3.3920   0.0000  20.0000   0.0000
   25   41  78351.4  38630.9  76976.0      0.0   3998.6  24937.3      0.0   6012.8      0.0   0.0000   3.3920   0.0000  20.0000   0.0000
   26   41  78748.3  38700.1  77639.6      0.0   3799.2  24934.2      0.0   6012.8      0.0   0.0000   3.3920   0.0000  20.0000   0.0000
   27   41  78975.0  39374.1  76987.3      0.0   3912.8  24844.5      0.0   6012.8      0.0   0.0000   3.3920   0.0000  20.0000   0.0000
   28   41  78983.4  38961.8  77452.0      0.0   3824.0  24710.1      0.0   6012.8      0.0   0.0000   3.3920   0.0000  20.0000   0.0000
