 IND | id | EBend  | EParll | EShear | ECoupl | E Kap  | E Chi  | EField | EBind  |   M    | Couple |  Chi   |  mu    |  Kap   | Field  |
    1   17  77957.6  38466.1  77030.2      0.0      0.0      0.0      0.0   6294.4      0.0   0.0000   0.0000   0.0000   0.0000   0.0000
    2   33  78724.2  38858.8  76859.9      0.0      0.0      0.0      0.0   6133.7      0.0   0.0000   0.0000   0.0000   0.0000   0.0000
    3   49  78149.3  39060.2  76936.9      0.0      0.0      0.0      0.0   6038.8      0.0   0.0000   0.0000   0.0000   0.0000   0.0000
    4   16  78673.4  39156.3  76547.8      0.0      0.0      0.0      0.0   5992.9      0.0   0.0000   0.0000   0.0000   0.0000   0.0000
    5   32  77686.0  39080.6  76862.3      0.0      0.0      0.0      0.0   6077.1      0.0   0.0000   0.0000   0.0000   0.0000   0.0000
    6   48  78196.6  39338.1  76731.8      0.0      0.0      0.0      0.0   5830.8      0.0   0.0000   0.0000   0.0000   0.0000   0.0000
    7   15  78109.7  39094.6  77371.9      0.0      0.0      0.0      0.0   5919.5      0.0   0.0000   0.0000   0.0000   0.0000   0.0000
    8   31  77777.5  38746.1  76429.7      0.0      0.0      0.0      0.0   6011.3      0.0   0.0000   0.0000   0.0000   0.0000   0.0000
    9   47  78465.6  39141.8  76500.7      0.0      0.0      0.0      0.0   6089.3      0.0   0.0000   0.0000   0.0000   0.0000   0.0000
   10   14  78956.8  39201.3  76751.4      0.0      0.0      0.0      0.0   5966.9      0.0   0.0000   0.0000   0.0000  20.0000   0.0000
   11   30  78272.7  38960.8  76730.8      0.0   3747.4      0.0      0.0   5732.8      0.0   0.0000   0.0000   0.0000  20.0000   0.0000
   12   46  77700.5  38757.0  76966.8      0.0   3790.2      0.0      0.0   6216.3      0.0   0.0000   0.0000   0.0000  20.0000   0.0000
   13   13  77934.1  38834.9  76636.3      0.0   3839.1      0.0      0.0   6060.3      0.0   0.0000   0.0000   0.0000  20.0000   0.0000
   14   29  78247.3  38708.3  76963.5      0.0   3761.7      0.0      0.0   5979.2      0.0   0.0000   0.0000   0.0000  20.0000   0.0000
   15   29  78236.6  39171.5  76464.3      0.0   3795.1   4416.7      0.0   5979.2      0.0   0.0000   0.2449   0.0000  20.0000   0.0000
   16   29  78568.2  38986.9  77030.7      0.0   3640.5   4411.5      0.0   5979.2      0.0   0.0000   0.2449   0.0000  20.0000   0.0000
   17   34  78472.1  38842.7  76825.2      0.0   3867.1   4404.7      0.0   6139.8      0.0   0.0000   0.2449   0.0000  20.0000   0.0000
   18   30  78487.4  38960.0  76637.8      0.0   3826.7   4398.7      0.0   5732.8      0.0   0.0000   0.2449   0.0000  20.0000   0.0000
   19   34  78490.3  38716.8  76996.5      0.0   3879.3   4387.2      0.0   6139.8      0.0   0.0000   0.2449   0.0000  20.0000   0.0000
   20   22  78533.3  39055.9  76919.1      0.0   3724.3   4396.7      0.0   6026.6      0.0   0.0000   0.2449   0.0000  20.0000   0.0000
   21   22  78301.1  39070.5  76491.2      0.0   3837.1   4417.5      0.0   6026.6      0.0   0.0000   0.2449   0.0000  20.0000   0.0000
   22   33  78223.1  39058.3  76701.2      0.0   3807.2   4414.4      0.0   6133.7      0.0   0.0000   0.2449   0.0000  20.0000   0.0000
   23   30  78407.9  39167.1  77150.6      0.0   3690.2   4387.4      0.0   5732.8      0.0   0.0000   0.2449   0.0000  20.0000   0.0000
   24    1  78391.1  39042.8  77095.7      0.0   3750.5   4425.3      0.0   6185.7      0.0   0.0000   0.2449   0.0000  20.0000   0.0000
   25   29  78373.0  39058.6  76841.4      0.0   3875.4   4385.4      0.0   5979.2      0.0   0.0000   0.2449   0.0000  20.0000   0.0000
   26   17  77832.8  38918.6  76496.4      0.0   3687.5   4394.2      0.0   6294.4      0.0   0.0000   0.2449   0.0000  20.0000   0.0000
   27   11  78537.4  38793.9  76513.6      0.0   3739.2   4394.8      0.0   6155.1      0.0   0.0000   0.2449   0.0000  20.0000   0.0000
   28   29  78485.0  38935.9  76675.2      0.0   3810.7   4410.9      0.0   5979.2      0.0   0.0000   0.2449   0.0000  20.0000   0.0000
