 IND | id | EBend  | EParll | EShear | ECoupl | E Kap  | E Chi  | EField | EBind  |   M    | Couple |  Chi   |  mu    |  Kap   | Field  |
    1    7  78043.2  38464.1  76790.8      0.0      0.0      0.0      0.0   5985.3      0.0   0.0000   0.0000   0.0000   0.0000   0.0000
    2   23  78295.1  38907.8  76091.2      0.0      0.0      0.0      0.0   6101.6      0.0   0.0000   0.0000   0.0000   0.0000   0.0000
    3   39  78462.0  38909.5  76776.9      0.0      0.0      0.0      0.0   6090.9      0.0   0.0000   0.0000   0.0000   0.0000   0.0000
    4    6  78247.6  39144.9  76649.2      0.0      0.0      0.0      0.0   6005.2      0.0   0.0000   0.0000   0.0000   0.0000   0.0000
    5   22  78038.2  38997.9  76576.5      0.0      0.0      0.0      0.0   6026.6      0.0   0.0000   0.0000   0.0000   0.0000   0.0000
    6   38  78555.7  38781.4  77433.3      0.0      0.0      0.0      0.0   6005.2      0.0   0.0000   0.0000   0.0000   0.0000   0.0000
    7    5  78852.1  38709.4  76712.7      0.0      0.0      0.0      0.0   5748.1      0.0   0.0000   0.0000   0.0000   0.0000   0.0000
    8   21  78083.7  38814.4  77019.7      0.0      0.0      0.0      0.0   5937.9      0.0   0.0000   0.0000   0.0000   0.0000   0.0000
    9   37  78479.7  38969.3  76648.4      0.0      0.0      0.0      0.0   6069.4      0.0   0.0000   0.0000   0.0000   0.0000   0.0000
   10    4  78333.5  39300.4  76638.5      0.0      0.0      0.0      0.0   6098.5      0.0   0.0000   0.0000   0.0000  20.0000   0.0000
   11   20  78556.2  39273.7  76721.7      0.0   3875.3      0.0      0.0   5974.6      0.0   0.0000   0.0000   0.0000  20.0000   0.0000
   12   36  78254.8  39201.4  77023.8      0.0   3768.2      0.0      0.0   6207.1      0.0   0.0000   0.0000   0.0000  20.0000   0.0000
   13    3  77746.5  39394.3  76417.6      0.0   3735.2      0.0      0.0   6126.1      0.0   0.0000   0.0000   0.0000  20.0000   0.0000
   14   19  78415.5  39224.8  77295.4      0.0   3873.4      0.0      0.0   5862.9      0.0   0.0000   0.0000   0.0000  20.0000   0.0000
   15   12  79302.4  39412.1  77642.4      0.0   5168.9  59982.6      0.0   5922.6      0.0   0.0000   9.4196   0.0000  20.0000   0.0000
   16   48  79356.3  39336.8  77504.8      0.0   4674.6  55048.4      0.0   5830.8      0.0   0.0000   9.0437   0.0000  20.0000   0.0000
   17   40  79341.9  39039.1  77019.2      0.0   4751.5  51429.9      0.0   5940.9      0.0   0.0000   8.6551   0.0000  20.0000   0.0000
   18   26  78847.4  39205.4  77132.1      0.0   4548.1  49313.3      0.0   5922.6      0.0   0.0000   8.3255   0.0000  20.0000   0.0000
   19   35  79055.7  39070.1  77147.1      0.0   4465.3  46499.5      0.0   5957.7      0.0   0.0000   7.9381   0.0000  20.0000   0.0000
   20    4  78961.9  39070.5  76867.9      0.0   4346.9  44184.9      0.0   6098.5      0.0   0.0000   7.5381   0.0000  20.0000   0.0000
   21    4  79746.5  39397.5  77093.4      0.0   4423.6  42408.7      0.0   6098.5      0.0   0.0000   7.1381   0.0000  20.0000   0.0000
   22    7  79290.9  39077.4  76834.5      0.0   4239.9  40370.3      0.0   5985.3      0.0   0.0000   6.7381   0.0000  20.0000   0.0000
   23    4  79100.9  39168.5  77483.4      0.0   4296.6  38600.2      0.0   6098.5      0.0   0.0000   6.3381   0.0000  20.0000   0.0000
   24    8  78364.9  39082.4  77515.8      0.0   4087.8  36232.6      0.0   6116.9      0.0   0.0000   5.9509   0.0000  20.0000   0.0000
   25   36  78731.0  38946.8  77766.9      0.0   4168.7  36545.7      0.0   6207.1      0.0   0.0000   5.9509   0.0000  20.0000   0.0000
   26   36  79116.5  38697.0  77396.9      0.0   4181.1  36512.0      0.0   6207.1      0.0   0.0000   5.9509   0.0000  20.0000   0.0000
   27   36  79284.2  38888.8  76866.8      0.0   4232.8  36576.5      0.0   6207.1      0.0   0.0000   5.9509   0.0000  20.0000   0.0000
   28   36  78914.1  38760.5  76984.2      0.0   4201.8  36554.8      0.0   6207.1      0.0   0.0000   5.9509   0.0000  20.0000   0.0000
