 IND | id | EBend  | EParll | EShear | ECoupl | E Kap  | E Chi  | EField | EBind  |   M    | Couple |  Chi   |  mu    |  Kap   | Field  |
    1   39  78355.4  38379.9  76927.7      0.0      0.0      0.0      0.0   6090.9      0.0   0.0000   0.0000   0.0000   0.0000   0.0000
    2    6  78161.1  38627.0  77044.0      0.0      0.0      0.0      0.0   6005.2      0.0   0.0000   0.0000   0.0000   0.0000   0.0000
    3   22  78293.1  39044.9  76247.7      0.0      0.0      0.0      0.0   6026.6      0.0   0.0000   0.0000   0.0000   0.0000   0.0000
    4   38  78435.2  38644.7  76892.3      0.0      0.0      0.0      0.0   6005.2      0.0   0.0000   0.0000   0.0000   0.0000   0.0000
    5    5  77974.1  38811.0  77102.3      0.0      0.0      0.0      0.0   5748.1      0.0   0.0000   0.0000   0.0000   0.0000   0.0000
    6   21  78616.3  39013.9  77159.4      0.0      0.0      0.0      0.0   5937.9      0.0   0.0000   0.0000   0.0000   0.0000   0.0000
    7   37  78506.8  39166.1  76670.1      0.0      0.0      0.0      0.0   6069.4      0.0   0.0000   0.0000   0.0000   0.0000   0.0000
    8    4  78520.4  38939.5  76932.4      0.0      0.0      0.0      0.0   6098.5      0.0   0.0000   0.0000   0.0000   0.0000   0.0000
    9   20  78540.6  38826.6  76821.6      0.0      0.0      0.0      0.0   5974.6      0.0   0.0000   0.0000   0.0000   0.0000   0.0000
   10   36  78854.6  39180.9  76567.2      0.0      0.0      0.0      0.0   6207.1      0.0   0.0000   0.0000   0.0000  20.0000   0.0000
   11    3  78730.3  39043.2  77287.2      0.0   3794.9      0.0      0.0   6126.1      0.0   0.0000   0.0000   0.0000  20.0000   0.0000
   12   19  78415.5  38716.5  76815.6      0.0   3806.6      0.0      0.0   5862.9      0.0   0.0000   0.0000   0.0000  20.0000   0.0000
   13   35  78425.2  39030.1  76640.5      0.0   3775.6      0.0      0.0   5957.7      0.0   0.0000   0.0000   0.0000  20.0000   0.0000
   14    2  78928.6  39052.9  76243.0      0.0   3759.3      0.0      0.0   6028.1      0.0   0.0000   0.0000   0.0000  20.0000   0.0000
   15    6  78913.8  38884.6  77225.0      0.0   4307.9  37947.5      0.0   6005.2      0.0   0.0000   5.2327   0.0000  20.0000   0.0000
   16   18  79292.9  38863.7  77183.2      0.0   4197.4  34110.7      0.0   5908.8      0.0   0.0000   4.8327   0.0000  20.0000   0.0000
   17   37  78912.0  39168.5  77516.2      0.0   4238.3  31609.4      0.0   6069.4      0.0   0.0000   4.4327   0.0000  20.0000   0.0000
   18   27  78611.8  38921.1  77734.9      0.0   3915.4  29030.2      0.0   5884.3      0.0   0.0000   4.0327   0.0000  20.0000   0.0000
   19   21  79281.3  39197.2  77425.3      0.0   3890.2  26501.1      0.0   5937.9      0.0   0.0000   3.6327   0.0000  20.0000   0.0000
   20   44  78130.8  39219.8  77266.4      0.0   3845.0  24254.6      0.0   6002.1      0.0   0.0000   3.2327   0.0000  20.0000   0.0000
   21   44  78325.3  39072.2  76761.6      0.0   3930.3  22000.2      0.0   6002.1      0.0   0.0000   2.8327   0.0000  20.0000   0.0000
   22   44  77823.9  39174.5  77131.3      0.0   3811.3  19956.2      0.0   6002.1      0.0   0.0000   2.4327   0.0000  20.0000   0.0000
   23   44  78819.8  38637.0  76900.8      0.0   3813.0  17635.4      0.0   6002.1      0.0   0.0000   2.0327   0.0000  20.0000   0.0000
   24   44  78412.0  38977.4  76738.8      0.0   3672.1  15690.1      0.0   6002.1      0.0   0.0000   1.6327   0.0000  20.0000   0.0000
   25   44  78139.2  38709.9  77075.1      0.0   3800.4  16064.7      0.0   6002.1      0.0   0.0000   1.6327   0.0000  20.0000   0.0000
   26   44  78510.6  39140.8  76617.6      0.0   3701.0  15950.8      0.0   6002.1      0.0   0.0000   1.6327   0.0000  20.0000   0.0000
   27   44  77769.2  39161.6  77233.6      0.0   3816.8  15827.9      0.0   6002.1      0.0   0.0000   1.6327   0.0000  20.0000   0.0000
   28   44  78247.7  39172.6  77581.7      0.0   3720.4  15870.9      0.0   6002.1      0.0   0.0000   1.6327   0.0000  20.0000   0.0000
