 IND | id | EBend  | EParll | EShear | ECoupl | E Kap  | E Chi  | EField | EBind  |   M    | Couple |  Chi   |  mu    |  Kap   | Field  |
    1    2  78076.4  38601.6  76328.7      0.0      0.0      0.0      0.0   6028.1      0.0   0.0000   0.0000   0.0000   0.0000   0.0000
    2   18  78275.9  38869.5  77022.1      0.0      0.0      0.0      0.0   5908.8      0.0   0.0000   0.0000   0.0000   0.0000   0.0000
    3   34  78989.1  38897.5  76727.6      0.0      0.0      0.0      0.0   6139.8      0.0   0.0000   0.0000   0.0000   0.0000   0.0000
    4    1  78443.8  39002.8  76484.2      0.0      0.0      0.0      0.0   6185.7      0.0   0.0000   0.0000   0.0000   0.0000   0.0000
    5   17  78038.8  38683.4  76707.0      0.0      0.0      0.0      0.0   6294.4      0.0   0.0000   0.0000   0.0000   0.0000   0.0000
    6   33  78151.1  39068.2  77115.4      0.0      0.0      0.0      0.0   6133.7      0.0   0.0000   0.0000   0.0000   0.0000   0.0000
    7   49  78444.6  38695.3  76602.1      0.0      0.0      0.0      0.0   6038.8      0.0   0.0000   0.0000   0.0000   0.0000   0.0000
    8   16  78280.4  39196.2  77029.7      0.0      0.0      0.0      0.0   5992.9      0.0   0.0000   0.0000   0.0000   0.0000   0.0000
    9   32  78255.3  39050.9  76451.6      0.0      0.0      0.0      0.0   6077.1      0.0   0.0000   0.0000   0.0000   0.0000   0.0000
   10   48  78464.1  38976.3  76685.0      0.0      0.0      0.0      0.0   5830.8      0.0   0.0000   0.0000   0.0000  20.0000   0.0000
   11   15  78718.2  38926.5  77204.9      0.0   3781.9      0.0      0.0   5919.5      0.0   0.0000   0.0000   0.0000  20.0000   0.0000
   12   31  78534.7  38658.6  76466.3      0.0   3743.8      0.0      0.0   6011.3      0.0   0.0000   0.0000   0.0000  20.0000   0.0000
   13   47  78539.1  39037.7  76892.7      0.0   3686.6      0.0      0.0   6089.3      0.0   0.0000   0.0000   0.0000  20.0000   0.0000
   14   14  78636.9  38700.2  76589.8      0.0   3841.5      0.0      0.0   5966.9      0.0   0.0000   0.0000   0.0000  20.0000   0.0000
   15   25  78420.2  39056.4  76987.8      0.0   4899.6  54553.5      0.0   5862.9      0.0   0.0000   8.2299   0.0000  20.0000   0.0000
   16    3  78696.8  39139.7  77176.7      0.0   4614.1  49393.1      0.0   6126.1      0.0   0.0000   7.8305   0.0000  20.0000   0.0000
   17   43  78660.6  38800.5  77348.7      0.0   4603.6  45887.4      0.0   5996.0      0.0   0.0000   7.4553   0.0000  20.0000   0.0000
   18   35  78534.4  38800.3  77045.8      0.0   4423.6  43264.9      0.0   5957.7      0.0   0.0000   7.0553   0.0000  20.0000   0.0000
   19   12  78991.3  39019.1  76984.2      0.0   4310.3  41179.8      0.0   5922.6      0.0   0.0000   6.6553   0.0000  20.0000   0.0000
   20   41  78979.4  39027.5  77573.6      0.0   4295.0  39179.7      0.0   6012.8      0.0   0.0000   6.2553   0.0000  20.0000   0.0000
   21   15  79118.1  38976.0  77525.8      0.0   4138.6  36969.7      0.0   5919.5      0.0   0.0000   5.8553   0.0000  20.0000   0.0000
   22   40  79255.8  38966.4  77478.1      0.0   4178.0  34598.6      0.0   5940.9      0.0   0.0000   5.4669   0.0000  20.0000   0.0000
   23   40  79287.9  39389.5  77521.0      0.0   4072.8  33018.9      0.0   5940.9      0.0   0.0000   5.0669   0.0000  20.0000   0.0000
   24   40  79062.6  39260.4  77333.4      0.0   3977.6  30816.9      0.0   5940.9      0.0   0.0000   4.6669   0.0000  20.0000   0.0000
   25   40  79063.3  39096.6  77908.6      0.0   3985.7  30982.1      0.0   5940.9      0.0   0.0000   4.6669   0.0000  20.0000   0.0000
   26   15  78715.4  38762.1  76960.9      0.0   4069.1  31116.5      0.0   5919.5      0.0   0.0000   4.6669   0.0000  20.0000   0.0000
   27   15  78904.7  38863.4  77015.8      0.0   4161.9  30795.8      0.0   5919.5      0.0   0.0000   4.6669   0.0000  20.0000   0.0000
   28   15  78962.5  39105.8  77454.1      0.0   4026.7  30693.2      0.0   5919.5      0.0   0.0000   4.6669   0.0000  20.0000   0.0000
