 IND | id | EBend  | EParll | EShear | ECoupl | E Kap  | E Chi  | EField | EBind  |   M    | Couple |  Chi   |  mu    |  Kap   | Field  |
    1   41  77913.6  38592.2  76571.0      0.0      0.0      0.0      0.0   6012.8      0.0   0.0000   0.0000   0.0000   0.0000   0.0000
    2    8  78400.3  39024.1  76914.8      0.0      0.0      0.0      0.0   6116.9      0.0   0.0000   0.0000   0.0000   0.0000   0.0000
    3   24  78185.0  39081.2  76675.3      0.0      0.0      0.0      0.0   5927.1      0.0   0.0000   0.0000   0.0000   0.0000   0.0000
    4   40  78590.7  38768.0  76606.4      0.0      0.0      0.0      0.0   5940.9      0.0   0.0000   0.0000   0.0000   0.0000   0.0000
    5    7  78072.6  38871.1  76438.1      0.0      0.0      0.0      0.0   5985.3      0.0   0.0000   0.0000   0.0000   0.0000   0.0000
    6   23  78209.8  38845.2  77231.0      0.0      0.0      0.0      0.0   6101.6      0.0   0.0000   0.0000   0.0000   0.0000   0.0000
    7   39  78201.6  39058.8  76615.7      0.0      0.0      0.0      0.0   6090.9      0.0   0.0000   0.0000   0.0000   0.0000   0.0000
    8    6  78333.0  38671.2  76842.0      0.0      0.0      0.0      0.0   6005.2      0.0   0.0000   0.0000   0.0000   0.0000   0.0000
    9   22  78460.0  39103.9  76417.4      0.0      0.0      0.0      0.0   6026.6      0.0   0.0000   0.0000   0.0000   0.0000   0.0000
   10   38  78190.7  39314.7  76974.1      0.0      0.0      0.0      0.0   6005.2      0.0   0.0000   0.0000   0.0000  20.0000   0.0000
   11    5  79155.5  39123.2  76701.7      0.0   3806.7      0.0      0.0   5748.1      0.0   0.0000   0.0000   0.0000  20.0000   0.0000
   12   21  78355.3  38827.6  76499.2      0.0   3812.2      0.0      0.0   5937.9      0.0   0.0000   0.0000   0.0000  20.0000   0.0000
   13   37  77878.4  38866.6  76564.2      0.0   3733.4      0.0      0.0   6069.4      0.0   0.0000   0.0000   0.0000  20.0000   0.0000
   14    4  78414.1  38891.2  76970.8      0.0   3792.0      0.0      0.0   6098.5      0.0   0.0000   0.0000   0.0000  20.0000   0.0000
   15   24  78394.4  38569.8  77264.1      0.0   4285.6  41019.0      0.0   5927.1      0.0   0.0000   5.7347   0.0000  20.0000   0.0000
   16   27  79248.7  39349.8  77085.4      0.0   4093.2  36772.0      0.0   5884.3      0.0   0.0000   5.3347   0.0000  20.0000   0.0000
   17   44  78206.9  39264.7  77229.6      0.0   4020.7  34375.3      0.0   6002.1      0.0   0.0000   4.9347   0.0000  20.0000   0.0000
   18   21  78280.3  39007.4  76932.2      0.0   3900.4  31750.8      0.0   5937.9      0.0   0.0000   4.5347   0.0000  20.0000   0.0000
   19   10  78751.9  38807.5  76812.3      0.0   3915.7  28998.9      0.0   6142.9      0.0   0.0000   4.1347   0.0000  20.0000   0.0000
   20   10  78466.8  39142.4  77272.0      0.0   3974.8  27044.9      0.0   6142.9      0.0   0.0000   3.7347   0.0000  20.0000   0.0000
   21   21  79008.7  39378.4  77216.7      0.0   4092.7  24493.1      0.0   5937.9      0.0   0.0000   3.3347   0.0000  20.0000   0.0000
   22   21  78800.8  39141.5  77235.5      0.0   3822.9  22313.0      0.0   5937.9      0.0   0.0000   2.9347   0.0000  20.0000   0.0000
   23   21  78846.7  39252.2  77305.4      0.0   3748.2  20145.0      0.0   5937.9      0.0   0.0000   2.5347   0.0000  20.0000   0.0000
   24   21  77813.4  39084.7  76793.0      0.0   3684.9  17904.1      0.0   5937.9      0.0   0.0000   2.1347   0.0000  20.0000   0.0000
   25   21  78380.7  38767.5  76570.2      0.0   3760.1  18332.6      0.0   5937.9      0.0   0.0000   2.1347   0.0000  20.0000   0.0000
   26   21  78776.4  38870.2  77070.4      0.0   3709.5  18383.6      0.0   5937.9      0.0   0.0000   2.1347   0.0000  20.0000   0.0000
   27   21  78574.5  38874.0  76583.1      0.0   3873.8  18004.6      0.0   5937.9      0.0   0.0000   2.1347   0.0000  20.0000   0.0000
   28   21  78359.6  39021.5  76661.2      0.0   3885.1  17942.8      0.0   5937.9      0.0   0.0000   2.1347   0.0000  20.0000   0.0000
